Timestamp,User Count,Type,Name,Requests/s,Failures/s,50%,66%,75%,80%,90%,95%,98%,99%,99.9%,99.99%,100%,Total Request Count,Total Failure Count,Total Median Response Time,Total Average Response Time,Total Min Response Time,Total Max Response Time,Total Average Content Size
1724266304,0,,Aggregated,0.000000,0.000000,N/A,N/A,N/A,N/A,N/A,N/A,N/A,N/A,N/A,N/A,N/A,0,0,0,0.0,0,0,0
1724266305,5,,Aggregated,0.000000,0.000000,600,600,600,600,600,600,600,600,600,600,600,10,0,24,308.53053722530603,9.13077313452959,602.9876507818699,1313.0
1724266306,10,,Aggregated,0.000000,0.000000,150,180,600,600,600,600,1400,1400,1400,1400,1400,21,0,150.0,258.35648928547187,9.13077313452959,1373.7628804519773,1330.047619047619
1724266307,15,,Aggregated,5.000000,0.000000,600,690,900,910,940,1400,1400,1400,1400,1400,1400,60,0,180.0,479.9486806926628,9.13077313452959,1399.5745340362191,1132.75
1724266308,20,,Aggregated,10.000000,0.000000,68,310,530,580,810,910,1400,1400,1400,1400,1400,180,0,66,269.66344334392085,2.464180812239647,1399.5745340362191,5463.222222222223
1724266309,25,,Aggregated,15.000000,0.000000,47,150,210,320,600,900,940,1400,1400,1400,1400,300,0,47,188.6011944618076,1.8650051206350327,1399.5745340362191,5810.25
1724266310,30,,Aggregated,35.000000,0.000000,39,130,170,220,580,810,910,1400,1400,1400,1400,360,0,39,164.42345847996572,1.8650051206350327,1399.5745340362191,5878.263888888889
1724266311,35,,Aggregated,52.000000,0.000000,41,150,190,310,830,2100,2500,2600,2700,2700,2700,455,0,41,285.68932955450083,1.8650051206350327,2666.652795858681,5491.437362637363
1724266312,40,,Aggregated,57.500000,0.000000,45,150,210,440,910,1400,2500,2600,2700,2700,2700,560,0,45,295.3958926605992,1.8650051206350327,2666.652795858681,5160.057142857143
1724266313,45,,Aggregated,57.285714,0.000000,39,140,170,300,860,1100,2500,2600,2700,2700,2700,645,0,39,262.548594683582,1.70235987752676,2666.652795858681,5247.353488372093
1724266314,50,,Aggregated,61.000000,0.000000,37,120,160,190,830,980,2500,2600,2700,2700,2700,785,0,37,227.20273053332878,1.70235987752676,2666.652795858681,5298.245859872612
1724266315,55,,Aggregated,67.111111,0.000000,35,120,150,170,600,950,2400,2500,2700,2700,2700,946,0,35,200.33263594372863,1.70235987752676,2666.652795858681,5348.377378435518
1724266316,60,,Aggregated,70.500000,0.000000,35,100,140,160,550,910,2100,2500,2700,2700,2700,1086,0,35,181.84706180924155,1.3918085023760796,2666.652795858681,5299.1629834254145
1724266317,65,,Aggregated,84.800000,0.000000,35,80,130,150,350,860,1400,2500,2700,2700,2700,1289,0,35,160.41556615570286,1.3918085023760796,2666.652795858681,5302.895267649341
1724266318,70,,Aggregated,99.900000,0.000000,34,65,120,140,240,830,1400,2500,2700,2700,2700,1488,0,34,144.14106455183418,1.3918085023760796,2666.652795858681,5308.777553763441
1724266319,75,,Aggregated,112.400000,0.000000,32,60,100,130,210,790,1100,2400,2700,2700,2700,1680,0,32,131.6311290005355,1.3918085023760796,2666.652795858681,5310.541071428572
1724266320,80,,Aggregated,122.200000,0.000000,32,57,89,120,180,600,990,2400,2700,2700,2700,1936,0,31,119.88079384948735,1.3918085023760796,2666.652795858681,5359.322830578512
1724266321,85,,Aggregated,129.700000,0.000000,31,56,80,120,160,550,980,2100,2600,2700,2700,2180,0,31,111.4136094535026,1.3918085023760796,2666.652795858681,5390.1
1724266322,90,,Aggregated,142.600000,0.000000,31,55,73,110,160,380,950,2000,2600,2700,2700,2397,0,31,104.76258787776052,1.3918085023760796,2666.652795858681,5426.787651230705
1724266323,95,,Aggregated,163.600000,0.000000,31,56,77,110,160,340,910,1400,2600,2700,2700,2640,0,31,100.60972257510223,1.3918085023760796,2666.652795858681,5474.578030303031
1724266324,100,,Aggregated,177.200000,0.000000,28,54,74,110,160,300,910,1400,2600,2700,2700,2833,0,28,96.03379805073631,1.3918085023760796,2666.652795858681,5656.506177197317
1724266325,105,,Aggregated,187.800000,0.000000,25,53,72,110,150,230,860,1300,2600,2700,2700,3043,0,25,91.76947201093805,1.3918085023760796,2666.652795858681,5879.3236937233
1724266326,110,,Aggregated,201.900000,0.000000,24,52,71,110,150,220,860,1200,2600,2700,2700,3150,0,24,89.78416752602372,1.3918085023760796,2666.652795858681,5984.173650793651
1724266327,115,,Aggregated,206.300000,0.000000,25,53,74,110,150,310,980,2500,3700,4000,4000,3246,0,25,111.8680912584126,1.3918085023760796,3989.382275380194,5960.110905730129
1724266328,120,,Aggregated,209.400000,0.000000,26,54,80,120,160,560,2600,3600,4600,4700,4700,3392,0,26,158.542302523889,1.3918085023760796,4687.6307018101215,5884.508844339623
1724266329,125,,Aggregated,200.300000,0.000000,28,57,86,120,170,860,3400,4000,4700,4800,4800,3634,0,28,198.68236070654643,1.3918085023760796,4779.5373648405075,5729.107594936709
1724266330,130,,Aggregated,193.200000,0.000000,28,55,82,120,160,830,3300,3900,4700,4800,4800,3874,0,28,189.373625940261,1.3918085023760796,4779.5373648405075,5769.141197728446
1724266331,135,,Aggregated,190.500000,0.000000,31,56,81,120,160,600,3200,3900,4700,4800,4800,4231,0,31,178.51112225152158,1.3918085023760796,4779.5373648405075,5855.024580477429
1724266332,140,,Aggregated,194.500000,0.000000,37,61,91,120,170,460,3000,3800,4700,4800,4800,4643,0,37,171.04972892761995,1.3918085023760796,4779.5373648405075,5908.227654533706
1724266333,145,,Aggregated,195.000000,0.000000,39,64,96,120,170,360,2900,3800,4700,4800,4800,4991,0,39,165.32309541351492,1.3918085023760796,4779.5373648405075,5943.701061911441
1724266334,150,,Aggregated,209.300000,0.000000,38,62,92,120,170,310,2600,3700,4600,4800,4800,5340,0,38,157.59113987084575,1.3918085023760796,4779.5373648405075,5962.249438202247
1724266335,155,,Aggregated,225.600000,0.000000,40,64,99,120,170,290,2500,3700,4600,4800,4800,5718,0,40,153.46576384522461,1.3918085023760796,4779.5373648405075,6025.001923749563
1724266336,160,,Aggregated,235.600000,0.000000,42,66,100,130,170,260,2500,3700,4600,4800,4800,6088,0,42,149.47878282196555,1.3918085023760796,4779.5373648405075,6029.646353482261
1724266337,165,,Aggregated,250.900000,0.000000,44,70,110,130,180,290,2400,3500,4600,4800,4800,6428,0,44,148.68379398608405,1.3918085023760796,4779.5373648405075,6116.678749222153
1724266338,170,,Aggregated,268.800000,0.000000,47,77,110,130,190,280,1900,3500,4600,4800,4800,6849,0,47,146.8248613237745,1.3918085023760796,4779.5373648405075,6165.777631771061
1724266339,175,,Aggregated,298.900000,0.000000,50,81,120,130,190,270,1400,3400,4600,4800,4800,7216,0,50,145.0872724498168,1.3918085023760796,4779.5373648405075,6207.447477827051
1724266340,180,,Aggregated,321.800000,0.000000,53,84,120,140,190,260,990,3300,4600,4800,4800,7644,0,53,142.6418554154773,1.3918085023760796,4779.5373648405075,6260.763605442177
1724266341,185,,Aggregated,345.500000,0.000000,57,91,120,140,190,260,980,3300,4600,4800,4800,7993,0,57,142.3963693271305,1.3918085023760796,4779.5373648405075,6307.572626047792
1724266342,190,,Aggregated,356.200000,0.000000,57,92,120,140,190,270,950,3200,4600,4800,4800,8430,0,57,141.48184109218462,1.3918085023760796,4779.5373648405075,6516.995017793594
1724266343,195,,Aggregated,370.600000,0.000000,59,96,130,150,210,340,1200,3100,4600,4800,4800,8810,0,59,151.32106620761292,1.3918085023760796,4779.5373648405075,6515.646311010216
1724266344,200,,Aggregated,369.900000,0.000000,60,99,130,150,230,420,1100,3000,4600,4800,4800,9118,0,60,154.72594602156065,1.3918085023760796,4779.5373648405075,6507.672406229436
1724266345,205,,Aggregated,371.800000,0.000000,60,100,140,160,240,460,1100,3000,4600,4800,4800,9480,0,60,156.1659129728457,1.3918085023760796,4779.5373648405075,6546.052742616033
1724266346,210,,Aggregated,376.400000,0.000000,64,110,140,170,250,440,1000,2900,4600,4800,4800,9857,0,64,157.74972728180802,1.3918085023760796,4779.5373648405075,6547.318961144364
1724266348,215,,Aggregated,368.800000,0.000000,68,120,150,170,250,430,990,2800,4500,4700,4800,10291,0,68,159.05946381952998,1.3918085023760796,4779.5373648405075,6602.101350694782
1724266349,220,,Aggregated,369.600000,0.000000,72,130,160,180,270,430,980,2600,4500,4700,4800,10654,0,72,162.93754742786942,1.3918085023760796,4779.5373648405075,6659.685188661536
1724266350,225,,Aggregated,375.000000,0.000000,77,130,170,190,280,420,970,2600,4500,4700,4800,11069,0,77,165.19437976449402,1.3918085023760796,4779.5373648405075,6658.044177432469
1724266351,230,,Aggregated,369.200000,0.000000,82,140,170,190,280,420,950,2500,4500,4700,4800,11489,0,82,165.7331422770918,1.3918085023760796,4779.5373648405075,6684.439986073636
1724266352,235,,Aggregated,375.300000,0.000000,90,140,170,200,280,410,910,2500,4500,4700,4800,11951,0,90,167.31717109029628,1.3918085023760796,4779.5373648405075,6721.62346247176
1724266353,240,,Aggregated,377.400000,0.000000,96,150,180,200,290,410,890,2400,4500,4700,4800,12348,0,96,169.66744134759824,1.3918085023760796,4779.5373648405075,6752.068351149984
1724266354,245,,Aggregated,379.400000,0.000000,100,160,190,220,290,410,860,2400,4500,4700,4800,12777,0,100.0,172.5540708002192,1.3918085023760796,4779.5373648405075,6816.965954449402
1724266355,250,,Aggregated,377.200000,0.000000,110,170,200,230,310,410,860,2100,4400,4700,4800,13204,0,110.0,176.70211612840257,1.3918085023760796,4779.5373648405075,6857.603680702818
1724266356,255,,Aggregated,382.500000,0.000000,120,170,210,230,310,400,850,1900,4400,4700,4800,13652,0,120.0,179.16273398525684,1.3918085023760796,4779.5373648405075,6888.836507471433
1724266357,260,,Aggregated,394.000000,0.000000,120,180,220,240,320,410,850,1600,4400,4700,4800,14047,0,120.0,182.41703390254068,1.3918085023760796,4779.5373648405075,6984.5856054673595
1724266358,265,,Aggregated,404.200000,0.000000,130,190,220,240,320,410,830,1400,4400,4700,4800,14529,0,130.0,185.14280198961782,1.3918085023760796,4779.5373648405075,6996.49638653727
1724266359,270,,Aggregated,403.600000,0.000000,130,190,230,250,320,410,830,1400,4400,4700,4800,14933,0,130.0,188.018611521836,1.3918085023760796,4779.5373648405075,7032.303689814505
1724266360,275,,Aggregated,410.500000,0.000000,140,200,240,250,330,410,830,1400,4300,4700,4800,15379,0,140.0,190.8640539113383,1.3918085023760796,4779.5373648405075,7106.078158527863
1724266361,280,,Aggregated,414.700000,0.000000,150,210,240,260,330,410,830,1400,4300,4700,4800,15865,0,150.0,194.79034965276117,1.3918085023760796,4779.5373648405075,7135.102867948314
1724266362,285,,Aggregated,416.900000,0.000000,150,220,250,260,340,410,810,1300,4300,4700,4800,16296,0,150.0,197.36538432047246,1.3918085023760796,4779.5373648405075,7156.300441826215
1724266363,290,,Aggregated,417.000000,0.000000,160,220,250,270,340,410,810,1300,4300,4700,4800,16755,0,160.0,199.90730360489405,1.3918085023760796,4779.5373648405075,7191.180901223515
1724266364,295,,Aggregated,425.300000,0.000000,160,230,260,280,350,420,800,1300,4300,4700,4800,17170,0,160.0,203.66048315804653,1.3918085023760796,4779.5373648405075,7228.1274898078045
1724266365,300,,Aggregated,427.800000,0.000000,170,230,260,280,350,420,790,1300,4300,4700,4800,17629,0,170.0,206.498173542688,1.3918085023760796,4779.5373648405075,7269.878779284134
1724266366,305,,Aggregated,425.500000,0.000000,170,240,270,290,360,420,790,1300,4300,4700,4800,18047,0,170.0,210.11629661894733,1.3918085023760796,4779.5373648405075,7299.986535158198
1724266367,310,,Aggregated,427.700000,0.000000,180,240,270,300,360,420,780,1300,4300,4700,4800,18457,0,180.0,213.5791978997363,1.3918085023760796,4779.5373648405075,7352.4573332610935
1724266368,315,,Aggregated,422.100000,0.000000,180,250,280,310,370,440,770,1300,4300,4700,4800,18923,0,180.0,218.4535225334878,1.3918085023760796,4779.5373648405075,7358.587908893938
1724266369,320,,Aggregated,432.200000,0.000000,190,250,290,310,380,440,770,1300,4200,4700,4800,19329,0,190.0,222.31213930368668,1.3918085023760796,4779.5373648405075,7352.590873816545
1724266370,325,,Aggregated,423.900000,0.000000,190,260,300,320,380,450,750,1300,4200,4700,4800,19808,0,190.0,225.72230522907137,1.3918085023760796,4779.5373648405075,7391.219658723748
1724266371,330,,Aggregated,429.500000,0.000000,200,260,300,330,390,460,750,1300,4200,4700,4800,20190,0,200.0,229.56823664821164,1.3918085023760796,4779.5373648405075,7444.760921248143
1724266372,335,,Aggregated,424.000000,0.000000,200,270,310,340,400,470,730,1300,4200,4700,4800,20626,0,200.0,234.24005463455134,1.3918085023760796,4779.5373648405075,7529.834626199942
1724266373,340,,Aggregated,423.100000,0.000000,210,280,320,340,420,490,720,1300,4100,4700,4800,21117,0,210.0,240.24347597818257,1.3918085023760796,4779.5373648405075,7549.940616564853
1724266374,345,,Aggregated,415.600000,0.000000,220,280,330,350,430,500,710,1300,4100,4700,4800,21544,0,220.0,244.76698504552843,1.3918085023760796,4779.5373648405075,7562.248514667657
1724266375,350,,Aggregated,417.000000,0.000000,220,290,330,360,430,510,710,1300,4100,4700,4800,21990,0,220.0,248.23580900861077,1.3918085023760796,4779.5373648405075,7594.1804911323325
1724266377,355,,Aggregated,421.600000,0.000000,220,290,340,370,440,530,710,1300,4100,4700,4800,22381,0,220.0,253.09016057420592,1.3918085023760796,4779.5373648405075,7617.449130959296
1724266378,360,,Aggregated,423.800000,0.000000,230,300,350,380,440,530,710,1300,4100,4700,4800,22795,0,230.0,257.21129791410306,1.3918085023760796,4779.5373648405075,7644.498925202895
1724266379,365,,Aggregated,416.000000,0.000000,230,310,360,390,450,550,710,1300,4100,4700,4800,23301,0,230.0,262.60839154486814,1.3918085023760796,4779.5373648405075,7722.050727436591
1724266380,370,,Aggregated,417.100000,0.000000,240,310,360,390,460,560,710,1300,4100,4700,4800,23735,0,240.0,267.1482274243665,1.3918085023760796,4779.5373648405075,7736.247777543712
1724266381,375,,Aggregated,423.100000,0.000000,240,320,370,400,470,560,710,1300,4100,4700,4800,24223,0,240.0,270.6473606072235,1.3918085023760796,4779.5373648405075,7770.60269165669
1724266382,380,,Aggregated,425.200000,0.000000,240,330,380,400,480,570,710,1300,4100,4700,4800,24608,0,240.0,275.4931964381899,1.3918085023760796,4779.5373648405075,7808.945261703511
1724266383,385,,Aggregated,430.400000,0.000000,250,330,380,410,500,580,730,1400,4100,4700,4800,24982,0,250.0,280.2950298614125,1.3918085023760796,4779.5373648405075,7804.0020014410375
1724266384,390,,Aggregated,428.700000,0.000000,250,340,390,420,520,600,750,1300,4100,4700,4800,25429,0,250.0,285.7409360576807,1.3918085023760796,4779.5373648405075,7866.500412914389
1724266385,395,,Aggregated,422.800000,0.000000,250,350,400,430,530,610,750,1300,4100,4700,4800,25850,0,250.0,290.99407597500795,1.3918085023760796,4779.5373648405075,7879.666924564797
1724266386,400,,Aggregated,418.300000,0.000000,260,350,400,430,540,610,750,1300,4100,4700,4800,26299,0,260.0,295.43294264923304,1.3918085023760796,4779.5373648405075,7914.171109167649
1724266387,405,,Aggregated,417.300000,0.000000,260,360,410,440,550,630,760,1300,4100,4700,4800,26685,0,260.0,300.88159449859904,1.3918085023760796,4779.5373648405075,7964.496308787709
1724266388,410,,Aggregated,419.100000,0.000000,270,360,420,450,560,640,770,1300,4100,4700,4800,27076,0,270.0,305.8701546697686,1.3918085023760796,4779.5373648405075,8014.782464174915
1724266389,415,,Aggregated,415.400000,0.000000,270,370,420,470,570,660,790,1300,4100,4700,4800,27517,0,270.0,312.12560474044324,1.3918085023760796,4779.5373648405075,8038.194534287894
1724266390,420,,Aggregated,416.400000,0.000000,280,380,430,480,590,680,800,1400,4100,4700,4800,27939,0,280.0,318.13938648083035,1.3918085023760796,4779.5373648405075,8071.278392211604
1724266391,425,,Aggregated,408.100000,0.000000,280,380,440,490,590,680,800,1400,4100,4700,4800,28404,0,280.0,322.8139849538027,1.3918085023760796,4779.5373648405075,8083.178073510773
1724266392,430,,Aggregated,405.300000,0.000000,290,390,450,510,600,690,800,1400,4100,4700,4800,28829,0,290.0,328.108669711991,1.3918085023760796,4779.5373648405075,8073.424815290159
1724266393,435,,Aggregated,405.600000,0.000000,290,390,460,510,600,690,800,1400,4100,4700,4800,29213,0,290.0,331.7557714674012,1.3918085023760796,4779.5373648405075,8097.046486153425
1724266394,440,,Aggregated,405.400000,0.000000,290,400,480,520,610,700,800,1400,4100,4700,4800,29701,0,290.0,337.2356330854603,1.3918085023760796,4779.5373648405075,8125.652132924817
1724266395,445,,Aggregated,416.400000,0.000000,300,410,480,530,630,710,820,1400,4100,4700,4800,30078,0,300.0,342.64228677406703,1.3918085023760796,4779.5373648405075,8161.263747589601
1724266396,450,,Aggregated,410.600000,0.000000,300,410,500,540,640,720,830,1400,4100,4700,4800,30480,0,300.0,347.41789856626167,1.3918085023760796,4779.5373648405075,8198.68313648294
1724266397,455,,Aggregated,408.300000,0.000000,310,420,510,550,650,740,850,1400,4100,4700,4800,30950,0,310.0,353.7361215812384,1.3918085023760796,4779.5373648405075,8240.415831987077
1724266398,460,,Aggregated,408.500000,0.000000,310,430,520,560,660,750,860,1400,4000,4700,4800,31354,0,310.0,358.27561787789364,1.3918085023760796,4779.5373648405075,8258.012342922753
1724266399,465,,Aggregated,410.800000,0.000000,320,430,530,570,670,760,870,1400,4100,4700,4800,31804,0,320.0,363.85264161765343,1.3918085023760796,4779.5373648405075,8282.357848069425
1724266400,470,,Aggregated,420.600000,0.000000,320,440,530,580,680,770,870,1400,4100,4700,4800,32202,0,320.0,369.4191964193783,1.3918085023760796,4779.5373648405075,8284.170144711508
1724266401,475,,Aggregated,413.200000,0.000000,330,450,540,590,690,780,870,1400,4100,4700,4800,32630,0,330.0,374.3862794947657,1.3918085023760796,4779.5373648405075,8318.992093165798
1724266402,480,,Aggregated,418.900000,0.000000,330,460,550,590,700,800,940,1400,4200,4700,4800,32989,0,330.0,380.8742941958042,1.3918085023760796,4779.5373648405075,8323.78274576374
1724266403,485,,Aggregated,408.400000,0.000000,340,470,550,600,710,800,940,1400,4300,4700,4800,33366,0,340.0,385.6535930108244,1.3918085023760796,4779.5373648405075,8320.059611580651
1724266404,490,,Aggregated,407.700000,0.000000,340,480,570,610,730,830,970,1400,4300,4700,4800,33828,0,340.0,392.8306678984439,1.3918085023760796,4779.5373648405075,8329.038666193686
1724266405,495,,Aggregated,402.000000,0.000000,350,490,570,620,740,840,970,1400,4300,4800,4900,34194,0,350.0,397.96638820876973,1.3918085023760796,4904.5903803780675,8347.417909574779
1724266406,500,,Aggregated,399.100000,0.000000,350,500,580,630,750,850,980,1400,4400,4800,5000,34651,0,350.0,404.15125927530903,1.3918085023760796,4970.083825290203,8340.129577789963
1724266407,505,,Aggregated,405.100000,0.000000,360,510,590,640,760,870,980,1400,4400,4800,5000,35044,0,360.0,409.4822216407623,1.3918085023760796,4970.083825290203,8352.320625499373
1724266409,510,,Aggregated,404.100000,0.000000,360,510,600,650,760,870,980,1400,4500,4800,5000,35511,0,360.0,414.50979450473613,1.3918085023760796,4970.083825290203,8363.581791557546
1724266410,515,,Aggregated,389.700000,0.000000,370,520,610,660,770,890,990,1400,4600,4800,5000,35950,0,370.0,420.3548607104801,1.3918085023760796,4970.083825290203,8383.130097357442
1724266411,520,,Aggregated,400.000000,0.000000,370,530,620,670,780,900,1000,1500,4600,4900,5000,36335,0,370.0,426.0612158502579,1.3918085023760796,4970.083825290203,8393.384367689556
1724266412,525,,Aggregated,395.100000,0.000000,380,540,630,680,800,910,1000,1500,4600,4900,5000,36786,0,380.0,431.7708836394415,1.3918085023760796,5000.370827503502,8412.461507095091
1724266413,530,,Aggregated,391.200000,0.000000,380,540,630,690,810,920,1000,1400,4600,4900,5000,37126,0,380.0,436.3226363085596,1.3918085023760796,5000.370827503502,8430.101061250876
1724266414,535,,Aggregated,398.100000,0.000000,380,550,640,700,830,930,1000,1500,4700,5100,5200,37565,0,380.0,442.57667627640274,1.3918085023760796,5163.7527495622635,8451.481112737922
1724266415,540,,Aggregated,393.400000,0.000000,390,560,650,710,850,950,1100,1500,4700,5200,5500,38005,0,390.0,449.5881035543146,1.3918085023760796,5467.649080790579,8464.30614392843
1724266416,545,,Aggregated,400.900000,0.000000,390,560,660,710,860,960,1100,1500,4700,5500,5800,38338,0,390.0,454.9340470702022,1.3918085023760796,5840.911325067282,8467.62582816005
1724266417,550,,Aggregated,393.200000,0.000000,400,570,670,730,870,980,1100,1500,4800,5700,5800,38832,0,400.0,462.71412689789923,1.3918085023760796,5840.911325067282,8472.186160898229
1724266418,555,,Aggregated,397.600000,0.000000,400,580,680,730,880,1000,1100,1500,4800,5800,5800,39185,0,400.0,468.4239584000712,1.3918085023760796,5841.974281705916,8494.306571392115
1724266419,560,,Aggregated,381.700000,0.000000,410,590,690,750,890,1000,1100,1500,4800,5800,5800,39658,0,410.0,474.24970117574065,1.3918085023760796,5846.514845266938,8497.938826970598
1724266420,565,,Aggregated,389.000000,0.000000,410,600,700,760,910,1000,1100,1500,4900,5800,5800,40092,0,410.0,480.8019973921829,1.3918085023760796,5846.514845266938,8536.0203781303
1724266421,570,,Aggregated,383.300000,0.000000,410,600,710,760,920,1000,1100,1500,4900,5800,5800,40442,0,410.0,485.7891463056932,1.3918085023760796,5846.514845266938,8544.223084911726
1724266423,575,,Aggregated,388.900000,0.000000,420,610,710,780,930,1100,1200,1500,5200,6100,6200,40868,0,420.0,492.67087709364665,1.3918085023760796,6191.018790006638,8561.85281883136
1724266424,580,,Aggregated,378.800000,0.000000,420,620,720,790,950,1100,1200,1500,5200,6100,6200,41279,0,420.0,499.8643507344345,1.3918085023760796,6191.018790006638,8564.739964630926
1724266425,585,,Aggregated,382.900000,0.000000,430,630,730,800,960,1100,1200,1500,5300,6100,6200,41676,0,430.0,505.6357119510946,1.3918085023760796,6191.018790006638,8567.458033400519
1724266426,590,,Aggregated,374.300000,0.000000,430,630,740,820,980,1100,1200,1500,5700,6300,6400,42136,0,430.0,512.2657811084562,1.3918085023760796,6372.749994508922,8602.560826846402
1724266427,595,,Aggregated,377.300000,0.000000,440,640,750,830,990,1100,1200,1500,5800,6500,6600,42486,0,440.0,517.7636680243706,1.3918085023760796,6630.8099664747715,8633.492585792967
1724266428,600,,Aggregated,381.200000,0.000000,440,650,760,840,1000,1100,1200,1500,5800,6500,6600,42863,0,440.0,522.7423630387298,1.3918085023760796,6630.8099664747715,8667.550964701491
1724266429,605,,Aggregated,388.000000,0.000000,450,660,770,850,1000,1100,1200,1500,5800,6500,6600,43293,0,450.0,529.2546871349438,1.3918085023760796,6630.8099664747715,8682.291386598296
1724266430,610,,Aggregated,383.400000,0.000000,460,670,780,860,1000,1100,1200,1500,5800,6500,6600,43641,0,460.0,534.9372433920106,1.3918085023760796,6630.8099664747715,8716.91441534337
1724266431,615,,Aggregated,382.900000,0.000000,470,670,790,870,1000,1100,1300,1600,6000,6500,6600,44127,0,470.0,541.6631885357496,1.3918085023760796,6630.8099664747715,8720.512837945022
1724266432,620,,Aggregated,379.600000,0.000000,480,680,800,880,1100,1100,1300,1600,6100,6600,6600,44573,0,480.0,548.1956981855174,1.3918085023760796,6643.001085147262,8742.421555650282
1724266433,625,,Aggregated,387.100000,0.000000,480,690,820,890,1100,1200,1300,1600,6100,6600,6600,44982,0,480.0,553.5850157282106,1.3918085023760796,6643.001085147262,8738.348383797964
1724266434,630,,Aggregated,389.300000,0.000000,490,700,830,900,1100,1200,1300,1600,6200,6700,6800,45435,0,490.0,559.1277168846204,1.3918085023760796,6756.233289837837,8751.334059645647
1724266435,635,,Aggregated,391.800000,0.000000,500,700,840,910,1100,1200,1300,1600,6300,6700,6800,45839,0,500.0,564.8038283274044,1.3918085023760796,6756.233289837837,8774.819760465978
1724266436,640,,Aggregated,400.500000,0.000000,500,710,850,920,1100,1200,1300,1600,6400,6700,6800,46192,0,500.0,569.9194824901264,1.3918085023760796,6756.233289837837,8776.325705749914
1724266437,645,,Aggregated,402.400000,0.000000,510,720,860,930,1100,1200,1300,1600,6500,6700,6800,46673,0,510.0,577.1154249939419,1.3918085023760796,6787.117812782526,8794.864204143723
1724266438,650,,Aggregated,399.100000,0.000000,520,730,870,940,1100,1200,1300,1700,6500,6700,6800,47030,0,520.0,582.0564649197923,1.3918085023760796,6835.7488587498665,8826.612290027642
1724266439,655,,Aggregated,394.600000,0.000000,520,730,880,950,1100,1200,1300,1700,6500,6800,7000,47355,0,520.0,587.2257447092246,1.3918085023760796,6966.011782176793,8838.39955654102
1724266440,660,,Aggregated,395.300000,0.000000,530,740,890,960,1100,1200,1400,1700,6500,7100,7200,47825,0,530.0,595.5362089847979,1.3918085023760796,7183.17789118737,8846.197302665969
1724266441,665,,Aggregated,395.000000,0.000000,530,750,900,970,1100,1200,1400,1700,6600,7200,7200,48164,0,530.0,600.1168441776653,1.3918085023760796,7248.253528028727,8863.687089942696
1724266442,670,,Aggregated,395.600000,0.000000,540,760,910,990,1100,1200,1400,1700,6600,7400,7500,48582,0,540.0,606.6731010386501,1.3918085023760796,7472.883517853916,8879.240459429418
1724266443,675,,Aggregated,394.900000,0.000000,540,760,910,1000,1200,1300,1400,1700,6600,7500,7600,48964,0,540.0,612.8104974506758,1.3918085023760796,7583.946072496474,8882.421125725023
1724266444,680,,Aggregated,390.200000,0.000000,550,770,920,1000,1200,1300,1400,1700,6600,7600,7700,49379,0,550.0,619.4934763937208,1.3918085023760796,7670.845763757825,8899.718665829603
1724266445,685,,Aggregated,386.200000,0.000000,550,780,930,1000,1200,1300,1400,1700,6600,7700,7900,49757,0,550.0,625.384872074764,1.3918085023760796,7948.250285349786,8902.230902184618
1724266446,690,,Aggregated,379.800000,0.000000,550,790,940,1000,1200,1300,1400,1700,6600,7900,7900,50108,0,550.0,630.3608872234233,1.3918085023760796,7948.250285349786,8905.767881376227
1724266448,695,,Aggregated,376.200000,0.000000,560,800,950,1100,1200,1300,1400,1700,6700,7900,8100,50602,0,560.0,638.1426731924653,1.3918085023760796,8135.446530766785,8916.64890715782
1724266449,700,,Aggregated,378.700000,0.000000,570,810,960,1100,1200,1300,1400,1800,6700,7900,8100,50969,0,570.0,642.456720882058,1.3918085023760796,8135.446530766785,8921.340383370283
1724266450,705,,Aggregated,387.300000,0.000000,580,830,980,1100,1200,1300,1400,1800,7000,8000,8100,51465,0,580.0,649.1230447899399,1.3918085023760796,8135.446530766785,8931.451996502477
1724266451,710,,Aggregated,382.500000,0.000000,580,830,990,1100,1200,1300,1400,1800,7000,8000,8100,51844,0,580.0,653.4807305115421,1.3918085023760796,8135.446530766785,8919.059736903017
1724266452,715,,Aggregated,397.000000,0.000000,590,840,1000,1100,1200,1300,1400,1800,7200,8000,8100,52261,0,590.0,658.6287502911772,1.3918085023760796,8135.446530766785,8929.993876887162
1724266453,720,,Aggregated,385.200000,0.000000,590,850,1000,1100,1200,1300,1400,1800,7400,8000,8100,52758,0,590.0,665.303101930477,1.3918085023760796,8135.446530766785,8926.252492512984
1724266454,725,,Aggregated,394.000000,0.000000,600,860,1000,1100,1300,1300,1400,1800,7400,8000,8100,53125,0,600.0,669.986714083377,1.3918085023760796,8135.446530766785,8919.589345882352
1724266455,730,,Aggregated,401.200000,0.000000,600,870,1000,1100,1300,1400,1400,1800,7400,8000,8100,53443,0,600.0,674.3972580481209,1.3918085023760796,8135.446530766785,8926.164904664784
1724266456,735,,Aggregated,401.600000,0.000000,610,880,1000,1100,1300,1400,1500,1800,7600,8000,8100,53926,0,610.0,681.9568565673684,1.3918085023760796,8135.446530766785,8931.747450209547
1724266457,740,,Aggregated,404.300000,0.000000,620,890,1000,1100,1300,1400,1500,1900,7600,8000,8100,54318,0,620.0,687.0493865975869,1.3918085023760796,8135.446530766785,8940.700725358076
1724266458,745,,Aggregated,404.200000,0.000000,620,900,1100,1100,1300,1400,1500,1900,7600,8100,8100,54777,0,620.0,693.1160198991165,1.3918085023760796,8135.446530766785,8938.809774175292
1724266459,750,,Aggregated,407.800000,0.000000,630,910,1100,1100,1300,1400,1500,1900,7700,8100,8300,55225,0,630.0,700.0445963230343,1.3918085023760796,8270.705964416265,8949.951272068809
1724266460,755,,Aggregated,403.100000,0.000000,630,910,1100,1100,1300,1400,1500,1900,7700,8300,8500,55602,0,630.0,705.3888045221019,1.3918085023760796,8523.01302086562,8965.797615193698
1724266461,760,,Aggregated,401.100000,0.000000,640,920,1100,1100,1300,1400,1500,1900,7700,8300,8500,56040,0,640.0,711.1699452325416,1.3918085023760796,8523.01302086562,8973.371752319772
1724266462,765,,Aggregated,396.800000,0.000000,650,930,1100,1200,1300,1400,1500,1900,7700,8500,8700,56512,0,650.0,718.1196636841194,1.3918085023760796,8717.590705491602,8968.447710220838
1724266463,770,,Aggregated,401.500000,0.000000,650,940,1100,1200,1300,1400,1500,1900,7700,8700,8900,56870,0,650.0,723.2049083315244,1.3918085023760796,8883.215795271099,9001.43249516441
1724266465,775,,Aggregated,396.800000,0.000000,660,950,1100,1200,1400,1400,1500,1900,7800,8700,8900,57260,0,660.0,729.7655046941408,1.3918085023760796,8883.215795271099,9006.369647223193
1724266466,780,,Aggregated,391.600000,0.000000,670,960,1100,1200,1400,1500,1600,2000,7900,8900,9100,57686,0,670.0,737.5863578664695,1.3918085023760796,9065.252219326794,9024.723121727975
1724266467,785,,Aggregated,383.400000,0.000000,670,970,1100,1200,1400,1500,1700,2000,7900,8900,9100,58080,0,670.0,743.6385951258759,1.3918085023760796,9065.252219326794,9031.69333677686
1724266468,790,,Aggregated,381.300000,0.000000,680,980,1100,1200,1400,1500,1700,2000,7900,9100,9300,58521,0,680.0,750.5809858803276,1.3918085023760796,9341.23218525201,9034.918507886057
1724266469,795,,Aggregated,381.500000,0.000000,680,990,1100,1200,1400,1500,1700,2000,8000,9300,9500,58910,0,680.0,756.670605317751,1.3918085023760796,9497.363592498004,9039.815718893227
1724266470,800,,Aggregated,380.400000,0.000000,690,1000,1100,1200,1400,1500,1700,2000,8000,9400,9500,59246,0,690.0,761.8673868038517,1.3918085023760796,9497.363592498004,9053.565607804747
1724266471,805,,Aggregated,388.000000,0.000000,690,1000,1100,1200,1400,1600,1700,2000,8100,9500,9800,59717,0,690.0,769.1355224807078,1.3918085023760796,9791.73042345792,9068.013831907163
1724266472,810,,Aggregated,379.100000,0.000000,700,1000,1200,1200,1400,1600,1700,2100,8100,9800,9800,60072,0,700.0,774.0549784900377,1.3918085023760796,9837.228110060096,9093.94936076708
1724266473,815,,Aggregated,376.700000,0.000000,700,1000,1200,1300,1400,1600,1700,2100,8300,9800,9800,60450,0,700.0,780.0059639441575,1.3918085023760796,9837.228110060096,9085.213200992555
1724266474,820,,Aggregated,382.800000,0.000000,710,1000,1200,1300,1400,1600,1700,2100,8300,9800,9800,60857,0,710.0,785.7233943816293,1.3918085023760796,9837.228110060096,9103.4364658133
1724266475,825,,Aggregated,374.200000,0.000000,710,1000,1200,1300,1500,1600,1700,2100,8300,9800,9900,61281,0,710.0,792.3896967040946,1.3918085023760796,9935.039375908673,9112.779980744439
1724266476,830,,Aggregated,380.900000,0.000000,720,1000,1200,1300,1500,1600,1700,2100,8500,9900,9900,61725,0,720.0,799.5757548560669,1.3918085023760796,9935.039375908673,9122.661028756582
1724266477,835,,Aggregated,384.200000,0.000000,730,1100,1200,1300,1500,1600,1700,2200,8600,9900,10000,62077,0,730.0,805.628206112343,1.3918085023760796,9965.14893695712,9139.920856355817
1724266478,840,,Aggregated,387.800000,0.000000,730,1100,1200,1300,1500,1600,1700,2200,8700,10000,10000,62424,0,730.0,811.3263768956487,1.3918085023760796,10120.90470828116,9142.457019735999
1724266479,845,,Aggregated,381.300000,0.000000,740,1100,1200,1300,1500,1700,1700,2200,8900,10000,10000,62892,0,740.0,818.680645663288,1.3918085023760796,10120.90470828116,9150.377202187878
1724266480,850,,Aggregated,383.700000,0.000000,740,1100,1200,1300,1500,1700,1700,2300,9000,10000,10000,63278,0,740.0,824.7999256283837,1.3918085023760796,10446.026738733053,9163.675985334556
1724266481,855,,Aggregated,379.500000,0.000000,750,1100,1200,1300,1600,1700,1800,2300,9300,10000,10000,63618,0,750.0,830.1265464589031,1.3918085023760796,10446.026738733053,9171.52664340281
1724266482,860,,Aggregated,381.700000,0.000000,760,1100,1200,1300,1600,1700,1800,2300,9400,10000,11000,64113,0,760.0,838.0820471013352,1.3918085023760796,10636.962838470936,9195.625879306848
1724266483,865,,Aggregated,382.000000,0.000000,760,1100,1300,1400,1600,1700,1800,2300,9400,11000,11000,64523,0,760.0,844.3523790336751,1.3918085023760796,10757.136835716665,9203.877175580801
1724266485,870,,Aggregated,379.900000,0.000000,770,1100,1300,1400,1600,1700,1800,2300,9700,11000,11000,64950,0,770.0,850.7458164795281,1.3918085023760796,10757.136835716665,9214.064449576597
1724266486,875,,Aggregated,381.000000,0.000000,780,1100,1300,1400,1600,1700,1800,2400,9700,11000,11000,65411,0,780.0,858.1069982842936,1.3918085023760796,10842.511029914021,9231.859610768832
1724266487,880,,Aggregated,382.500000,0.000000,780,1100,1300,1400,1600,1700,1800,2400,9800,11000,11000,65749,0,780.0,863.7284358116484,1.3918085023760796,11009.261985309422,9227.922782095546
1724266488,885,,Aggregated,380.000000,0.000000,790,1100,1300,1400,1600,1700,1800,2400,9800,11000,11000,66229,0,790.0,871.0399503576946,1.3918085023760796,11009.261985309422,9236.193359404491
1724266489,890,,Aggregated,380.200000,0.000000,800,1100,1300,1400,1700,1700,1800,2400,9900,11000,11000,66621,0,800.0,876.6562133870128,1.3918085023760796,11009.261985309422,9248.69827832065
1724266490,895,,Aggregated,381.700000,0.000000,810,1100,1300,1400,1700,1700,1800,2400,9900,11000,11000,66983,0,810.0,881.7436264539009,1.3918085023760796,11009.261985309422,9255.975142946718
1724266491,900,,Aggregated,384.400000,0.000000,820,1100,1300,1400,1700,1700,1800,2400,10000,11000,11000,67423,0,820.0,888.0230987609256,1.3918085023760796,11121.873922646046,9263.14940005636
1724266492,905,,Aggregated,391.400000,0.000000,820,1100,1300,1400,1700,1700,1800,2400,10000,11000,11000,67803,0,820.0,893.6726858782883,1.3918085023760796,11121.873922646046,9266.185935725558
1724266493,910,,Aggregated,387.600000,0.000000,830,1200,1300,1400,1700,1800,1800,2400,10000,11000,11000,68320,0,830.0,900.9062808951957,1.3918085023760796,11121.873922646046,9276.198346018735
1724266494,915,,Aggregated,391.800000,0.000000,840,1200,1300,1400,1700,1800,1800,2400,10000,11000,11000,68671,0,840.0,905.163642193442,1.3918085023760796,11121.873922646046,9278.27969594152
1724266495,920,,Aggregated,391.100000,0.000000,840,1200,1400,1500,1700,1800,1800,2400,10000,11000,11000,69066,0,840.0,910.106393180548,1.3918085023760796,11121.873922646046,9263.30799525092
1724266496,925,,Aggregated,388.200000,0.000000,850,1200,1400,1500,1700,1800,1800,2400,10000,11000,11000,69510,0,850.0,916.0259818993594,1.3918085023760796,11121.873922646046,9278.885455330168
1724266497,930,,Aggregated,398.000000,0.000000,860,1200,1400,1500,1700,1800,1900,2500,10000,11000,11000,69884,0,860.0,921.8412277807383,1.3918085023760796,11121.873922646046,9265.695667105489
1724266498,935,,Aggregated,398.000000,0.000000,870,1200,1400,1500,1700,1800,1900,2500,11000,11000,11000,70382,0,870.0,929.2199278208072,1.3918085023760796,11121.873922646046,9295.203574777643
1724266499,940,,Aggregated,406.900000,0.000000,870,1200,1400,1500,1700,1800,1900,2500,11000,11000,11000,70810,0,870.0,935.3415892765246,1.3918085023760796,11121.873922646046,9297.323781951702
1724266500,945,,Aggregated,394.100000,0.000000,880,1200,1400,1500,1700,1800,1900,2500,11000,11000,11000,71202,0,880.0,940.9449205908245,1.3918085023760796,11121.873922646046,9299.539001713434
1724266501,950,,Aggregated,395.000000,0.000000,880,1200,1400,1600,1700,1800,1900,2500,11000,11000,11000,71588,0,880.0,946.8969475863173,1.3918085023760796,11350.519030354917,9289.44737944907
1724266503,955,,Aggregated,396.500000,0.000000,890,1200,1400,1600,1700,1800,2000,2500,11000,11000,11000,71995,0,890.0,953.5859870999335,1.3918085023760796,11350.519030354917,9300.496215014931
1724266504,960,,Aggregated,398.300000,0.000000,900,1200,1400,1600,1700,1800,2000,2500,11000,11000,11000,72391,0,900.0,959.4967797255074,1.3918085023760796,11350.519030354917,9306.550579491926
1724266505,965,,Aggregated,392.400000,0.000000,910,1200,1400,1600,1700,1800,2000,2500,11000,11000,12000,72871,0,910.0,966.3867835124211,1.3918085023760796,11588.170159608126,9308.53649599978
1724266506,970,,Aggregated,393.600000,0.000000,910,1300,1400,1600,1800,1800,2000,2500,11000,12000,12000,73220,0,910.0,971.5185587689582,1.3918085023760796,11746.391624212265,9319.456282436493
1724266507,975,,Aggregated,386.900000,0.000000,920,1300,1500,1600,1800,1900,2000,2500,11000,12000,12000,73671,0,920.0,977.9669384750642,1.3918085023760796,11754.581070505083,9312.002144670223
1724266508,980,,Aggregated,382.400000,0.000000,920,1300,1500,1600,1800,1900,2000,2600,11000,12000,12000,74058,0,920.0,984.0764356534727,1.3918085023760796,11998.261447995901,9311.732371924707
1724266509,985,,Aggregated,386.800000,0.000000,930,1300,1500,1600,1800,1900,2000,2600,11000,12000,12000,74391,0,930.0,988.5021304427532,1.3918085023760796,11998.261447995901,9306.33239235929
1724266510,990,,Aggregated,387.000000,0.000000,930,1300,1500,1600,1800,1900,2100,2600,11000,12000,12000,74831,0,930.0,995.6052392833201,1.3918085023760796,12006.185389123857,9322.024214563484
1724266511,995,,Aggregated,393.300000,0.000000,940,1300,1500,1600,1800,1900,2100,2600,11000,12000,12000,75103,0,940.0,1000.9800269086538,1.3918085023760796,12339.056581258774,9332.649428118717
1724266512,1000,,Aggregated,380.900000,0.000000,950,1300,1500,1700,1800,1900,2200,2600,11000,12000,12000,75585,0,950.0,1009.2537620798196,1.3918085023760796,12407.679310068488,9330.493867830919
1724266513,1000,,Aggregated,375.100000,0.000000,950,1300,1500,1700,1800,1900,2200,2600,11000,12000,13000,75925,0,950.0,1015.3053460468332,1.3918085023760796,12563.20015154779,9341.415976292394
1724266514,1000,,Aggregated,376.200000,0.000000,960,1300,1600,1700,1800,2000,2200,2600,11000,13000,13000,76353,0,960.0,1022.6600018488061,1.3918085023760796,12712.21634466201,9333.620879336764
1724266515,1000,,Aggregated,366.200000,0.000000,970,1300,1600,1700,1800,2000,2200,2600,11000,13000,13000,76672,0,970.0,1027.810268719589,1.3918085023760796,12712.21634466201,9345.807752504174
1724266516,1000,,Aggregated,375.300000,0.000000,970,1300,1600,1700,1800,2000,2200,2600,11000,13000,13000,77017,0,970.0,1033.9379173669704,1.3918085023760796,13038.338475860655,9343.934962410896
1724266517,1000,,Aggregated,359.500000,0.000000,980,1300,1600,1700,1800,2100,2300,2600,11000,13000,13000,77503,0,980.0,1041.8422687240175,1.3918085023760796,13326.710879802704,9350.498935525076
1724266518,1000,,Aggregated,372.100000,0.000000,990,1300,1600,1700,1900,2100,2300,2600,11000,13000,13000,77815,0,990.0,1046.7948189452609,1.3918085023760796,13326.710879802704,9360.204099466684
1724266519,1000,,Aggregated,357.700000,0.000000,1000,1400,1600,1700,1900,2100,2300,2600,11000,13000,13000,78296,0,1000.0,1054.2862654567923,1.3918085023760796,13363.504029810429,9362.650876162255
1724266520,1000,,Aggregated,369.800000,0.000000,1000,1400,1600,1700,1900,2100,2300,2600,11000,13000,14000,78618,0,1000.0,1059.5658458403223,1.3918085023760796,13716.922827996314,9381.912361036913
1724266521,1000,,Aggregated,356.000000,0.000000,1000,1400,1600,1700,1900,2100,2300,2600,11000,13000,14000,79061,0,1000.0,1065.8067552639877,1.3918085023760796,13716.922827996314,9388.159282073335
1724266522,1000,,Aggregated,374.600000,0.000000,1000,1400,1600,1700,1900,2100,2400,2600,11000,14000,14000,79430,0,1000.0,1071.5810757080844,1.3918085023760796,13716.922827996314,9394.592949767091
1724266524,1000,,Aggregated,375.100000,0.000000,1000,1400,1600,1700,1900,2100,2400,2600,12000,14000,14000,79923,0,1000.0,1079.4365488759183,1.3918085023760796,13945.001969113946,9390.575979380154
1724266525,1000,,Aggregated,378.100000,0.000000,1000,1400,1700,1700,2000,2100,2400,2700,12000,14000,14000,80440,0,1000.0,1087.069029182623,1.3918085023760796,13945.001969113946,9397.324502734959
1724266526,1000,,Aggregated,379.200000,0.000000,1000,1400,1700,1700,2000,2100,2400,2700,12000,14000,14000,80777,0,1000.0,1092.1608419062436,1.3918085023760796,13945.001969113946,9398.077509687164
1724266527,1000,,Aggregated,389.100000,0.000000,1000,1400,1700,1700,2000,2100,2400,2700,12000,14000,14000,81199,2,1000.0,1097.5347227116479,1.3918085023760796,13945.001969113946,9397.914962006922
1724266528,1000,,Aggregated,385.700000,0.000000,1000,1400,1700,1700,2000,2100,2400,2700,12000,14000,14000,81540,2,1000.0,1102.4603340458107,1.3918085023760796,13945.001969113946,9392.5581555065
1724266529,1000,,Aggregated,390.100000,0.000000,1100,1400,1700,1700,2000,2100,2400,2800,12000,14000,14000,82050,2,1100.0,1108.8160084312112,1.3918085023760796,13945.001969113946,9407.565850091407
1724266530,1000,,Aggregated,373.800000,0.200000,1100,1400,1700,1800,2000,2200,2400,2800,12000,14000,14000,82330,2,1100.0,1112.5342014463308,1.3918085023760796,13945.001969113946,9417.151378598324
1724266531,1000,,Aggregated,394.300000,0.200000,1100,1400,1700,1800,2100,2200,2400,2800,12000,14000,14000,82797,3,1100.0,1119.1233570411327,1.3918085023760796,13945.001969113946,9416.66874403662
1724266532,1000,,Aggregated,375.000000,0.200000,1100,1400,1700,1800,2100,2200,2400,2900,12000,14000,14000,83271,3,1100.0,1125.990838995009,1.3918085023760796,13945.001969113946,9445.064368147374
1724266533,1000,,Aggregated,386.900000,0.200000,1100,1500,1700,1800,2100,2200,2400,3000,12000,14000,14000,83637,3,1100.0,1130.7093211904955,1.3918085023760796,13945.001969113946,9445.649461362795
1724266534,1000,,Aggregated,373.100000,0.300000,1100,1500,1700,1800,2100,2200,2400,3000,12000,14000,14000,84112,3,1100.0,1136.2080218749202,1.3918085023760796,13945.001969113946,9429.460207818147
1724266536,1000,,Aggregated,377.400000,0.300000,1100,1500,1700,1800,2100,2200,2400,3000,12000,14000,14000,84493,3,1100.0,1141.170742170136,1.3918085023760796,13945.001969113946,9448.606428934942
1724266537,1000,,Aggregated,385.400000,0.300000,1100,1500,1700,1800,2100,2200,2400,3000,12000,14000,14000,84948,4,1100.0,1146.3823947962408,1.3918085023760796,13945.001969113946,9443.455608136743
1724266538,1000,,Aggregated,380.600000,0.300000,1100,1500,1700,1800,2100,2200,2400,3000,12000,14000,14000,85277,4,1100.0,1150.3606612356689,1.3918085023760796,13945.001969113946,9434.12861615676
1724266539,1000,,Aggregated,388.600000,0.400000,1100,1500,1700,1800,2100,2200,2400,3000,12000,14000,14000,85656,5,1100.0,1155.2910681412968,1.3918085023760796,13945.001969113946,9433.72965116279
1724266540,1000,,Aggregated,388.800000,0.200000,1100,1500,1700,1800,2100,2200,2400,3100,12000,14000,14000,86050,5,1100.0,1161.0501311257146,1.3918085023760796,13945.001969113946,9446.398500871586
1724266541,1000,,Aggregated,375.000000,0.300000,1100,1500,1700,1800,2100,2200,2400,3100,12000,14000,14000,86451,5,1100.0,1166.2017952167832,1.3918085023760796,13945.001969113946,9448.399174098622
1724266542,1000,,Aggregated,378.700000,0.300000,1100,1600,1700,1800,2100,2200,2400,3100,12000,14000,14000,86944,5,1100.0,1172.2041371420146,1.3918085023760796,13945.001969113946,9446.876748251749
1724266543,1000,,Aggregated,384.500000,0.300000,1100,1600,1700,1800,2100,2200,2500,3100,12000,14000,14000,87262,5,1100.0,1176.0639886396907,1.3918085023760796,13945.001969113946,9440.291031605968
1724266544,1000,,Aggregated,381.000000,0.200000,1100,1600,1800,1900,2100,2200,2500,3200,12000,14000,14000,87807,5,1100.0,1182.0558002499772,1.3918085023760796,13945.001969113946,9441.585887229947
1724266545,1000,,Aggregated,378.100000,0.200000,1100,1600,1800,1900,2100,2200,2500,3200,12000,14000,14000,88092,5,1100.0,1185.1611230020414,1.3918085023760796,13945.001969113946,9447.942718975617
1724266546,1000,,Aggregated,377.000000,0.200000,1100,1600,1800,1900,2100,2200,2500,3200,12000,14000,14000,88617,5,1100.0,1190.746266076245,1.3918085023760796,13945.001969113946,9418.663100759448
1724266547,1000,,Aggregated,383.900000,0.200000,1100,1600,1800,1900,2100,2200,2500,3200,12000,14000,14000,88991,5,1100.0,1194.6172959544176,1.3918085023760796,13945.001969113946,9429.394118506365
1724266548,1000,,Aggregated,377.300000,0.200000,1100,1600,1800,1900,2100,2200,2500,3200,12000,14000,14000,89435,5,1100.0,1198.9386789141229,1.3918085023760796,13945.001969113946,9438.704008497793
1724266549,1000,,Aggregated,379.600000,0.100000,1100,1600,1800,1900,2100,2200,2500,3200,12000,14000,14000,89786,5,1100.0,1202.674020165476,1.3918085023760796,13945.001969113946,9423.119539794623
1724266551,1000,,Aggregated,388.500000,0.100000,1200,1600,1800,1900,2100,2200,2500,3200,12000,14000,14000,90118,5,1200.0,1206.014196140497,1.3918085023760796,13945.001969113946,9432.315974611065
1724266552,1000,,Aggregated,390.700000,0.000000,1200,1600,1800,2000,2100,2200,2500,3200,12000,14000,14000,90655,5,1200.0,1212.0389248265956,1.3918085023760796,13945.001969113946,9432.435287628923
1724266553,1000,,Aggregated,373.000000,0.000000,1200,1600,1800,2000,2100,2200,2500,3200,12000,14000,14000,90942,5,1200.0,1214.8559282073923,1.3918085023760796,13945.001969113946,9429.620714301424
1724266554,1000,,Aggregated,399.200000,0.000000,1200,1700,1800,2000,2100,2200,2500,3200,12000,14000,14000,91364,6,1200.0,1219.3688810788083,1.3918085023760796,13945.001969113946,9414.51275119303
1724266555,1000,,Aggregated,378.600000,0.000000,1200,1700,1800,2000,2100,2300,2500,3200,12000,14000,14000,91703,6,1200.0,1223.658600596731,1.3918085023760796,13945.001969113946,9422.2474946294
1724266556,1000,,Aggregated,387.300000,0.100000,1200,1700,1800,2000,2100,2300,2500,3300,12000,14000,14000,92240,6,1200.0,1229.174020529058,1.3918085023760796,13945.001969113946,9423.34837380746
1724266557,1000,,Aggregated,366.300000,0.100000,1200,1700,1800,2000,2100,2300,2500,3300,12000,14000,14000,92520,6,1200.0,1232.1392194396442,1.3918085023760796,13945.001969113946,9411.8238434933
1724266558,1000,,Aggregated,390.300000,0.100000,1200,1700,1800,2000,2100,2300,2500,3300,12000,14000,14000,93007,6,1200.0,1237.1213189653124,1.3918085023760796,13945.001969113946,9416.42158117131
1724266559,1000,,Aggregated,367.100000,0.100000,1200,1700,1900,2000,2200,2300,2500,3300,12000,14000,14000,93382,6,1200.0,1241.0605831685846,1.3918085023760796,13945.001969113946,9433.09813454413
1724266560,1000,,Aggregated,379.000000,0.100000,1200,1700,1900,2000,2100,2300,2500,3300,12000,14000,14000,93811,6,1200.0,1244.963219476296,1.3918085023760796,13945.001969113946,9427.959972711089
1724266561,1000,,Aggregated,373.500000,0.100000,1200,1700,1900,2000,2200,2300,2500,3300,11000,14000,14000,94312,6,1200.0,1249.64138174332,1.3918085023760796,13945.001969113946,9419.594240393588
1724266562,1000,,Aggregated,385.800000,0.100000,1200,1700,1900,2000,2200,2300,2500,3300,11000,14000,14000,94594,6,1200.0,1252.5099747788495,1.3918085023760796,13945.001969113946,9435.278992325095
1724266563,1000,,Aggregated,383.000000,0.100000,1200,1700,1900,2100,2200,2300,2500,3300,11000,14000,14000,95087,6,1200.0,1257.3487610321847,1.3918085023760796,13945.001969113946,9444.630885399687
1724266564,1000,,Aggregated,381.400000,0.100000,1200,1700,1900,2100,2200,2300,2500,3300,11000,14000,14000,95380,6,1200.0,1260.4401070056906,1.3918085023760796,13945.001969113946,9442.786338855105
1724266565,1000,,Aggregated,380.000000,0.100000,1200,1700,1900,2100,2200,2300,2500,3300,11000,14000,14000,95826,7,1200.0,1265.0968653681418,1.3918085023760796,13945.001969113946,9428.510811262078
1724266566,1000,,Aggregated,388.800000,0.000000,1200,1700,1900,2100,2200,2300,2500,3300,11000,14000,14000,96159,7,1200.0,1269.046682647895,1.3918085023760796,13945.001969113946,9428.559157229172
1724266567,1000,,Aggregated,385.100000,0.000000,1300,1700,2000,2100,2200,2300,2500,3300,11000,14000,14000,96609,7,1300.0,1273.6354293189206,1.3918085023760796,13945.001969113946,9420.389446117857
1724266568,1000,,Aggregated,374.300000,0.100000,1300,1700,2000,2100,2200,2300,2500,3300,11000,14000,14000,96925,7,1300.0,1276.894803246321,1.3918085023760796,13945.001969113946,9427.084178488522
1724266569,1000,,Aggregated,383.900000,0.100000,1300,1700,2000,2100,2200,2300,2500,3300,11000,14000,14000,97387,7,1300.0,1281.2109180269033,1.3918085023760796,13945.001969113946,9420.498403277645
1724266570,1000,,Aggregated,375.900000,0.100000,1300,1700,2000,2100,2200,2300,2500,3300,11000,14000,14000,97733,7,1300.0,1284.63321809608,1.3918085023760796,13945.001969113946,9431.954672423848
1724266572,1000,,Aggregated,371.900000,0.100000,1300,1700,2000,2100,2200,2300,2500,3300,11000,14000,14000,98106,8,1300.0,1287.9352190199463,1.3918085023760796,13945.001969113946,9438.479776975924
1724266573,1000,,Aggregated,378.500000,0.100000,1300,1700,2000,2100,2200,2300,2500,3300,11000,14000,14000,98566,8,1300.0,1292.7956648404527,1.3918085023760796,13945.001969113946,9425.612969989652
1724266574,1000,,Aggregated,364.800000,0.200000,1300,1700,2000,2100,2200,2300,2500,3300,11000,14000,14000,98844,8,1300.0,1295.6245143719489,1.3918085023760796,13945.001969113946,9435.825958075351
1724266575,1000,,Aggregated,377.300000,0.200000,1300,1700,2000,2100,2200,2300,2500,3300,11000,14000,14000,99356,8,1300.0,1300.7571717182702,1.3918085023760796,13945.001969113946,9446.269787431056
1724266576,1000,,Aggregated,361.400000,0.200000,1300,1800,2000,2100,2200,2300,2500,3300,11000,14000,14000,99680,8,1300.0,1304.0641735087665,1.3918085023760796,13945.001969113946,9438.730266853932
1724266577,1000,,Aggregated,373.800000,0.200000,1300,1800,2000,2100,2200,2300,2500,3300,11000,14000,14000,100127,9,1300.0,1307.8318869640336,1.3918085023760796,13945.001969113946,9427.001498097416
1724266578,1000,,Aggregated,365.300000,0.100000,1300,1800,2000,2100,2200,2300,2500,3300,11000,14000,14000,100501,9,1300.0,1311.2140957944814,1.3918085023760796,13945.001969113946,9432.084844926916
1724266579,1000,,Aggregated,373.100000,0.200000,1300,1800,2000,2100,2200,2300,2500,3300,11000,14000,14000,100899,11,1300.0,1314.7522441356473,1.3918085023760796,13945.001969113946,9432.101447982635
1724266580,1000,,Aggregated,365.900000,0.200000,1300,1800,2000,2100,2200,2300,2500,3300,11000,14000,14000,101267,11,1300.0,1318.3917129661627,1.3918085023760796,13945.001969113946,9440.491453286855
1724266581,1000,,Aggregated,377.500000,0.400000,1300,1800,2100,2100,2200,2300,2500,3300,11000,14000,14000,101703,11,1300.0,1322.0572762810468,1.3918085023760796,13945.001969113946,9431.474017482276
1724266582,1000,,Aggregated,359.600000,0.400000,1300,1800,2100,2100,2200,2300,2500,3300,11000,14000,14000,102088,11,1300.0,1325.1909993699473,1.3918085023760796,13945.001969113946,9429.099904004388
1724266583,1000,,Aggregated,379.000000,0.400000,1300,1800,2100,2100,2200,2300,2500,3300,11000,14000,14000,102382,11,1300.0,1327.4520016094714,1.3918085023760796,13945.001969113946,9434.36753530894
1724266584,1000,,Aggregated,367.100000,0.300000,1300,1800,2100,2100,2200,2300,2500,3300,11000,14000,14000,102904,11,1300.0,1332.0611182262749,1.3918085023760796,13945.001969113946,9435.155076576226
1724266585,1000,,Aggregated,382.500000,0.300000,1300,1800,2100,2100,2200,2300,2500,3300,11000,14000,14000,103206,11,1300.0,1334.6905605669988,1.3918085023760796,13945.001969113946,9438.048950642404
1724266586,1000,,Aggregated,373.000000,0.300000,1400,1800,2100,2100,2200,2300,2500,3300,11000,14000,14000,103645,12,1400.0,1338.3623917866432,1.3918085023760796,13945.001969113946,9432.71423609436
1724266587,1000,,Aggregated,387.600000,0.300000,1400,1800,2100,2100,2200,2300,2500,3300,11000,14000,14000,103971,12,1400.0,1341.5816690163194,1.3918085023760796,13945.001969113946,9436.490309797924
1724266588,1000,,Aggregated,380.300000,0.400000,1400,1800,2100,2100,2200,2300,2500,3300,11000,14000,14000,104425,13,1400.0,1345.6966066772645,1.3918085023760796,13945.001969113946,9435.111697390472
1724266589,1000,,Aggregated,382.800000,0.300000,1400,1800,2100,2100,2200,2300,2500,3300,11000,14000,14000,104719,13,1400.0,1348.3801677999097,1.3918085023760796,13945.001969113946,9426.04519714665
1724266590,1000,,Aggregated,376.500000,0.300000,1400,1800,2100,2100,2200,2300,2500,3300,11000,14000,14000,105205,15,1400.0,1352.3445267157015,1.3918085023760796,13945.001969113946,9432.496554346277
1724266591,1000,,Aggregated,376.000000,0.200000,1400,1800,2100,2100,2200,2400,2500,3300,11000,14000,14000,105461,15,1400.0,1354.6738246060415,1.3918085023760796,13945.001969113946,9445.998454404946
1724266592,1000,,Aggregated,384.400000,0.200000,1400,1800,2100,2100,2200,2400,2500,3300,11000,14000,14000,105877,15,1400.0,1358.5583015873908,1.3918085023760796,13945.001969113946,9456.694201762422
1724266594,1000,,Aggregated,373.900000,0.400000,1400,1900,2100,2100,2200,2400,2600,3300,11000,14000,14000,106274,15,1400.0,1362.5296198578246,1.3918085023760796,13945.001969113946,9447.143628733274
1724266595,1000,,Aggregated,357.600000,0.400000,1400,1900,2100,2100,2200,2400,2600,3300,11000,14000,14000,106702,17,1400.0,1365.8400339156417,1.3918085023760796,13945.001969113946,9445.214991284138
1724266596,1000,,Aggregated,371.100000,0.400000,1400,1900,2100,2100,2200,2400,2600,3300,11000,14000,14000,107104,17,1400.0,1368.8855936757382,1.3918085023760796,13945.001969113946,9434.366568942336
1724266597,1000,,Aggregated,360.100000,0.600000,1400,1900,2100,2100,2200,2400,2600,3300,11000,14000,14000,107479,17,1400.0,1371.5458146026667,1.3918085023760796,13945.001969113946,9433.444365876125
1724266598,1000,,Aggregated,372.300000,0.500000,1400,1900,2100,2100,2200,2400,2600,3300,11000,14000,14000,107911,17,1400.0,1374.9884162572766,1.3918085023760796,13945.001969113946,9427.18441122777
1724266599,1000,,Aggregated,367.600000,0.500000,1400,1900,2100,2100,2200,2400,2600,3300,11000,14000,14000,108301,17,1400.0,1377.9267705216373,1.3918085023760796,13945.001969113946,9429.714942613642
1724266600,1000,,Aggregated,375.500000,0.500000,1400,1900,2100,2100,2200,2400,2600,3300,11000,14000,14000,108770,17,1400.0,1380.7405890197722,1.3918085023760796,13945.001969113946,9451.270221568448
1724266601,1000,,Aggregated,372.800000,0.400000,1400,1900,2100,2100,2200,2400,2600,3300,11000,14000,14000,109121,17,1400.0,1383.4479553796218,1.3918085023760796,13945.001969113946,9450.605997012492
1724266602,1000,,Aggregated,382.900000,0.400000,1400,2000,2100,2100,2200,2400,2600,3300,11000,14000,14000,109490,17,1400.0,1386.1826860605581,1.3918085023760796,13945.001969113946,9456.949100374464
1724266603,1000,,Aggregated,374.600000,0.200000,1400,2000,2100,2100,2200,2400,2600,3300,11000,14000,14000,110033,17,1400.0,1391.0476910619334,1.3918085023760796,13945.001969113946,9457.049048921686
1724266604,1000,,Aggregated,388.000000,0.200000,1500,2000,2100,2100,2200,2400,2600,3300,11000,14000,14000,110308,17,1500.0,1393.2729875404173,1.3918085023760796,13945.001969113946,9448.568771077347
1724266605,1000,,Aggregated,378.300000,0.200000,1500,2000,2100,2100,2200,2400,2600,3300,11000,14000,14000,110789,18,1500.0,1396.8833087325015,1.3918085023760796,13945.001969113946,9456.771267905659
1724266606,1000,,Aggregated,391.300000,0.200000,1500,2000,2100,2100,2200,2400,2600,3300,11000,14000,14000,111040,18,1500.0,1399.341195594601,1.3918085023760796,13945.001969113946,9459.03393371758
1724266607,1000,,Aggregated,374.900000,0.000000,1500,2000,2100,2100,2200,2400,2600,3300,11000,14000,14000,111639,18,1500.0,1404.0127376683413,1.3918085023760796,13945.001969113946,9453.07242092817
