Root Cause
ts-travel-service_memory_rss
ts-consign-mongo_energy
ts-order-service_cpu
