Type,Name,Request Count,Failure Count,Median Response Time,Average Response Time,Min Response Time,Max Response Time,Average Content Size,Requests/s,Failures/s,50%,66%,75%,80%,90%,95%,98%,99%,99.9%,99.99%,100%
GET,/admin_user.html,688,0,6,9.41717310613671,1.4359960332512856,103.46102062612772,27664.0,2.322552320112524,0.0,6,9,11,14,23,28,37,53,100,100,100
GET,/adminlogin.html,1201,0,8,12.313383296411251,1.5194481238722801,108.95185265690088,2285.0,4.054339151824333,0.0,8,12,16,18,26,38,54,72,94,110,110
GET,/api/v1/adminorderservice/adminorder,1180,79,100.0,4545.617907915769,21.44547551870346,60046.8632588163,171954.62711864407,3.9834472932162477,0.2666884204780369,100,190,540,900,5400,60000,60000,60000,60000,60000,60000
GET,/api/v1/adminuserservice/users,1868,0,22,36.327453061930306,9.994719177484512,1033.671209588647,63020.881156316915,6.305999613328772,0.0,22,27,33,36,55,74,130,170,1000,1000,1000
POST,/api/v1/adminuserservice/users,688,0,160.0,183.64726237378756,111.9558997452259,579.6389169991016,211.0,2.322552320112524,0.0,160,180,200,210,260,340,390,450,580,580,580
GET,/api/v1/assuranceservice/assurances/types,1133,0,9,13.876734205274222,3.6240555346012115,421.09386436641216,108.0,3.82478456204577,0.0,9,11,14,16,22,32,59,110,420,420,420
POST,/api/v1/contactservice/contacts,677,0,12,14.679230501988085,4.432119429111481,92.6204351708293,220.7562776957164,2.2854184894130505,0.0,12,14,16,18,24,30,50,85,93,93,93
GET,/api/v1/contactservice/contacts/account/000bd76f-92b2-451e-b23b-1cd28e8d1501,2,0,7.301779463887215,12.466712854802608,7.301779463887215,17.631646245718002,122.5,0.006751605581722453,0.0,18,18,18,18,18,18,18,18,18,18,18
GET,/api/v1/contactservice/contacts/account/004777f2-c9df-4b27-adc8-98e6b90ce926,1,0,6.3854241743683815,6.3854241743683815,6.3854241743683815,6.3854241743683815,38.0,0.0033758027908612266,0.0,6,6,6,6,6,6,6,6,6,6,6
GET,/api/v1/contactservice/contacts/account/01d80eb3-774f-4da7-83de-60fba4cb7a7d,3,0,9,10.155337862670422,5.8355312794446945,15.616082586348057,150.66666666666666,0.01012740837258368,0.0,9,9,16,16,16,16,16,16,16,16,16
GET,/api/v1/contactservice/contacts/account/027a595f-e90f-41a5-a4c5-4d8abc34603f,1,0,12.544756755232811,12.544756755232811,12.544756755232811,12.544756755232811,38.0,0.0033758027908612266,0.0,13,13,13,13,13,13,13,13,13,13,13
GET,/api/v1/contactservice/contacts/account/030d543e-2069-4cb8-acab-5f8337a6e440,1,0,10.199297219514847,10.199297219514847,10.199297219514847,10.199297219514847,38.0,0.0033758027908612266,0.0,10,10,10,10,10,10,10,10,10,10,10
GET,/api/v1/contactservice/contacts/account/038ee925-7f8c-4c3d-a3f8-7e2142f93da5,3,0,11,11.082997545599937,9.102173149585724,13.27922847121954,150.66666666666666,0.01012740837258368,0.0,11,11,13,13,13,13,13,13,13,13,13
GET,/api/v1/contactservice/contacts/account/04128b5f-2892-4000-a6d6-4e46764952b6,5,0,10,15.336611866950989,7.249945774674416,38.38894236832857,173.2,0.016879013954306132,0.0,10,12,12,38,38,38,38,38,38,38,38
GET,/api/v1/contactservice/contacts/account/0431944b-6669-4cc1-909c-be04cebcf38b,2,0,6.000892259180546,7.262765895575285,6.000892259180546,8.524639531970024,122.5,0.006751605581722453,0.0,9,9,9,9,9,9,9,9,9,9,9
GET,/api/v1/contactservice/contacts/account/0538e5f8-e0d4-49a8-8407-267bb21e99c4,3,0,7,12.17359925309817,6.989050656557083,22.39242661744356,150.66666666666666,0.01012740837258368,0.0,7,7,22,22,22,22,22,22,22,22,22
GET,/api/v1/contactservice/contacts/account/0554c4c7-c972-42f9-bd58-ce71af02d5fc,1,0,8.364800363779068,8.364800363779068,8.364800363779068,8.364800363779068,38.0,0.0033758027908612266,0.0,8,8,8,8,8,8,8,8,8,8,8
GET,/api/v1/contactservice/contacts/account/056d2d67-783d-4695-a036-7b1fbca48d03,1,0,8.242887444794178,8.242887444794178,8.242887444794178,8.242887444794178,38.0,0.0033758027908612266,0.0,8,8,8,8,8,8,8,8,8,8,8
GET,/api/v1/contactservice/contacts/account/0574112e-efc9-4f66-80e3-f122724e2090,2,0,18,28.870854061096907,17.844997346401215,39.8967107757926,122.5,0.006751605581722453,0.0,40,40,40,40,40,40,40,40,40,40,40
GET,/api/v1/contactservice/contacts/account/05c1c856-9576-47be-ba54-c03625e7d4db,2,0,11,14.27866006270051,10.502465069293976,18.054855056107044,122.5,0.006751605581722453,0.0,18,18,18,18,18,18,18,18,18,18,18
GET,/api/v1/contactservice/contacts/account/06b2b4a8-649f-4f68-92e3-182ee3cb7182,1,0,15.02884179353714,15.02884179353714,15.02884179353714,15.02884179353714,38.0,0.0033758027908612266,0.0,15,15,15,15,15,15,15,15,15,15,15
GET,/api/v1/contactservice/contacts/account/06d600e4-4bbf-428d-8c1a-ceead6b1e9f1,1,0,8.570196107029915,8.570196107029915,8.570196107029915,8.570196107029915,38.0,0.0033758027908612266,0.0,9,9,9,9,9,9,9,9,9,9,9
GET,/api/v1/contactservice/contacts/account/07148101-bea9-4b1b-938c-ba33aaf14227,2,0,8.122755214571953,8.418935351073742,8.122755214571953,8.715115487575531,122.5,0.006751605581722453,0.0,9,9,9,9,9,9,9,9,9,9,9
GET,/api/v1/contactservice/contacts/account/07347c2f-9354-418c-a198-8adf72a18454,3,0,8,10.190820321440697,6.807751953601837,15.423147939145565,150.66666666666666,0.01012740837258368,0.0,8,8,15,15,15,15,15,15,15,15,15
GET,/api/v1/contactservice/contacts/account/07b21269-5791-4f46-b80f-a0a66e2b9c4e,1,0,8.124255575239658,8.124255575239658,8.124255575239658,8.124255575239658,38.0,0.0033758027908612266,0.0,8,8,8,8,8,8,8,8,8,8,8
GET,/api/v1/contactservice/contacts/account/08945e85-7414-4bfb-8f0e-0da7223be4c3,3,0,25,23.692850023508072,7.5404224917292595,38.13777677714825,150.66666666666666,0.01012740837258368,0.0,25,25,38,38,38,38,38,38,38,38,38
GET,/api/v1/contactservice/contacts/account/09a2dad3-9c03-49e5-a693-773dd71103c6,1,0,10.281254537403584,10.281254537403584,10.281254537403584,10.281254537403584,38.0,0.0033758027908612266,0.0,10,10,10,10,10,10,10,10,10,10,10
GET,/api/v1/contactservice/contacts/account/0a29756f-0ec3-4959-b886-2dfdc669fa0a,3,0,8,7.3644910007715225,5.8517856523394585,8.63170251250267,150.66666666666666,0.01012740837258368,0.0,8,8,9,9,9,9,9,9,9,9,9
GET,/api/v1/contactservice/contacts/account/0a85d9f4-5796-408b-8248-b0247baf217c,1,0,10.666471906006336,10.666471906006336,10.666471906006336,10.666471906006336,38.0,0.0033758027908612266,0.0,11,11,11,11,11,11,11,11,11,11,11
GET,/api/v1/contactservice/contacts/account/0a893d44-2ecb-45ec-8bf4-fc7b2508ce1e,2,0,13,14.797038864344358,12.599611654877663,16.994466073811054,122.5,0.006751605581722453,0.0,17,17,17,17,17,17,17,17,17,17,17
GET,/api/v1/contactservice/contacts/account/0ac69602-c5ff-476a-9e46-cc380f04f871,2,0,8.09403508901596,9.20710014179349,8.09403508901596,10.320165194571018,122.5,0.006751605581722453,0.0,10,10,10,10,10,10,10,10,10,10,10
GET,/api/v1/contactservice/contacts/account/0bd2a27a-892a-4e4a-ad28-9d5e7a0b55a8,2,0,7.0745497941970825,9.00100264698267,7.0745497941970825,10.927455499768257,122.5,0.006751605581722453,0.0,11,11,11,11,11,11,11,11,11,11,11
GET,/api/v1/contactservice/contacts/account/0bdcf26e-2540-490e-be64-3d27d63c3c83,1,0,6.071574054658413,6.071574054658413,6.071574054658413,6.071574054658413,38.0,0.0033758027908612266,0.0,6,6,6,6,6,6,6,6,6,6,6
GET,/api/v1/contactservice/contacts/account/0bef66a1-e73b-4755-8b26-b5b6249ffd15,2,0,8,15.62121044844389,7.652762345969677,23.589658550918102,122.5,0.006751605581722453,0.0,24,24,24,24,24,24,24,24,24,24,24
GET,/api/v1/contactservice/contacts/account/0c791f05-ba35-40f1-9b1a-c54d32182985,1,0,14.975614845752716,14.975614845752716,14.975614845752716,14.975614845752716,38.0,0.0033758027908612266,0.0,15,15,15,15,15,15,15,15,15,15,15
GET,/api/v1/contactservice/contacts/account/0cb1ae6a-e8cb-4b28-8fb8-83283201cec3,1,0,22.647558711469173,22.647558711469173,22.647558711469173,22.647558711469173,38.0,0.0033758027908612266,0.0,23,23,23,23,23,23,23,23,23,23,23
GET,/api/v1/contactservice/contacts/account/0d32082e-ce1a-4f12-895a-c723f9ef570b,2,0,8.246777579188347,9.624511934816837,8.246777579188347,11.002246290445328,122.5,0.006751605581722453,0.0,11,11,11,11,11,11,11,11,11,11,11
GET,/api/v1/contactservice/contacts/account/0e0496b9-d615-489b-908c-7ae55d3c7994,3,0,10,9.678756818175316,8.393803611397743,11.06624212116003,150.66666666666666,0.01012740837258368,0.0,10,10,11,11,11,11,11,11,11,11,11
GET,/api/v1/contactservice/contacts/account/0e075429-5795-40ca-a68e-2b1cc6dd6f75,2,0,8.193385787308216,49.19716436415911,8.193385787308216,90.20094294101,122.5,0.006751605581722453,0.0,90,90,90,90,90,90,90,90,90,90,90
GET,/api/v1/contactservice/contacts/account/0e12c5e8-18e5-437d-bd15-c67277fea415,1,0,8.112293668091297,8.112293668091297,8.112293668091297,8.112293668091297,38.0,0.0033758027908612266,0.0,8,8,8,8,8,8,8,8,8,8,8
GET,/api/v1/contactservice/contacts/account/0eed2859-04fd-4a64-8a68-fc3f56b3a2e2,1,0,36.32215969264507,36.32215969264507,36.32215969264507,36.32215969264507,38.0,0.0033758027908612266,0.0,36,36,36,36,36,36,36,36,36,36,36
GET,/api/v1/contactservice/contacts/account/0f7bc4ed-dec5-45a7-bcbe-b0998ae036f5,1,0,8.290340192615986,8.290340192615986,8.290340192615986,8.290340192615986,38.0,0.0033758027908612266,0.0,8,8,8,8,8,8,8,8,8,8,8
GET,/api/v1/contactservice/contacts/account/0f9b82c0-8804-4dd1-944c-dcb60ad0711f,5,0,10,14.739187434315681,6.441442295908928,37.73417230695486,173.2,0.016879013954306132,0.0,10,13,13,38,38,38,38,38,38,38,38
GET,/api/v1/contactservice/contacts/account/1065a3a9-7861-4ccd-bf8f-afc48453df2a,1,0,8.03555827587843,8.03555827587843,8.03555827587843,8.03555827587843,38.0,0.0033758027908612266,0.0,8,8,8,8,8,8,8,8,8,8,8
GET,/api/v1/contactservice/contacts/account/1090fcf7-14ea-423c-869d-d4edeb6b13fd,3,0,19,16.212580104668934,10.014177300035954,19.927287474274635,150.66666666666666,0.01012740837258368,0.0,19,19,20,20,20,20,20,20,20,20,20
GET,/api/v1/contactservice/contacts/account/109610bc-8ede-46e9-a0a5-80fc45c1bab5,3,0,9,9.566365430752436,7.889731787145138,11.365819722414017,150.66666666666666,0.01012740837258368,0.0,9,9,11,11,11,11,11,11,11,11,11
GET,/api/v1/contactservice/contacts/account/10bcd302-ecf3-482a-addf-86490b92637b,3,0,17,16.89581200480461,6.944998167455196,26.700531132519245,150.66666666666666,0.01012740837258368,0.0,17,17,27,27,27,27,27,27,27,27,27
GET,/api/v1/contactservice/contacts/account/10e1d6a2-d5ff-47f2-953d-617d285d57cb,1,0,8.093222044408321,8.093222044408321,8.093222044408321,8.093222044408321,38.0,0.0033758027908612266,0.0,8,8,8,8,8,8,8,8,8,8,8
GET,/api/v1/contactservice/contacts/account/10e75a6e-7fe1-496f-9b58-131ffca9b971,2,0,10,156.57568164169788,9.547154419124126,303.60420886427164,122.5,0.006751605581722453,0.0,300,300,300,300,300,300,300,300,300,300,300
GET,/api/v1/contactservice/contacts/account/10ef0c89-875f-4fd1-bbd6-9321a9f72254,3,0,11,14.134105605383715,8.066932670772076,23.699835874140263,150.66666666666666,0.01012740837258368,0.0,11,11,24,24,24,24,24,24,24,24,24
GET,/api/v1/contactservice/contacts/account/1120b0cf-86e1-498b-b982-679cf1ec3e0c,5,0,14,13.816063664853573,7.09974579513073,23.20786938071251,173.2,0.016879013954306132,0.0,14,14,14,23,23,23,23,23,23,23,23
GET,/api/v1/contactservice/contacts/account/11af6801-f84b-4950-a390-a49bc684b880,2,0,8,11.280310805886984,7.995915599167347,14.56470601260662,122.5,0.006751605581722453,0.0,15,15,15,15,15,15,15,15,15,15,15
GET,/api/v1/contactservice/contacts/account/11e335a5-de29-4052-b974-ec7962325c6d,2,0,16.06634259223938,16.476625576615334,16.06634259223938,16.886908560991287,122.5,0.006751605581722453,0.0,17,17,17,17,17,17,17,17,17,17,17
GET,/api/v1/contactservice/contacts/account/120510ed-edca-4d8e-ac4c-fc70631a55a8,2,0,8,11.913931462913752,7.759633474051952,16.06822945177555,122.5,0.006751605581722453,0.0,16,16,16,16,16,16,16,16,16,16,16
GET,/api/v1/contactservice/contacts/account/12e43a9c-9940-4b08-9e83-3ccef7b716dc,2,0,10,13.803869485855103,9.812216274440289,17.795522697269917,122.5,0.006751605581722453,0.0,18,18,18,18,18,18,18,18,18,18,18
GET,/api/v1/contactservice/contacts/account/13370114-cc0f-4eac-a36f-417e3e4b387d,1,0,9.138264693319798,9.138264693319798,9.138264693319798,9.138264693319798,38.0,0.0033758027908612266,0.0,9,9,9,9,9,9,9,9,9,9,9
GET,/api/v1/contactservice/contacts/account/1346aee5-a794-4dfb-b949-e7f832f66257,1,0,9.050952270627022,9.050952270627022,9.050952270627022,9.050952270627022,38.0,0.0033758027908612266,0.0,9,9,9,9,9,9,9,9,9,9,9
GET,/api/v1/contactservice/contacts/account/1369f16f-496b-40bd-a487-635b6e6e11fa,1,0,28.61159387975931,28.61159387975931,28.61159387975931,28.61159387975931,38.0,0.0033758027908612266,0.0,29,29,29,29,29,29,29,29,29,29,29
GET,/api/v1/contactservice/contacts/account/1374599a-f2de-4421-8643-9e46cfd6d4f5,3,0,26,42.5224540134271,23.029140196740627,78.3079694956541,150.66666666666666,0.01012740837258368,0.0,26,26,78,78,78,78,78,78,78,78,78
GET,/api/v1/contactservice/contacts/account/13cfc3ca-7c0c-4220-a891-cb63d9f71154,1,0,7.564514875411987,7.564514875411987,7.564514875411987,7.564514875411987,38.0,0.0033758027908612266,0.0,8,8,8,8,8,8,8,8,8,8,8
GET,/api/v1/contactservice/contacts/account/14076451-62b2-4c01-b9c2-5e7a0abcfd68,3,0,9,55.28614856302738,8.899658918380737,147.6698573678732,150.66666666666666,0.01012740837258368,0.0,9,9,150,150,150,150,150,150,150,150,150
GET,/api/v1/contactservice/contacts/account/141cd8cc-2007-4d0d-b6d6-475eee69a299,3,0,13,12.253916201492151,7.9984283074736595,15.27075283229351,150.66666666666666,0.01012740837258368,0.0,13,13,15,15,15,15,15,15,15,15,15
GET,/api/v1/contactservice/contacts/account/15805cb8-8f4f-49c4-9dc6-0ef545fac8f1,1,0,9.467966854572296,9.467966854572296,9.467966854572296,9.467966854572296,38.0,0.0033758027908612266,0.0,9,9,9,9,9,9,9,9,9,9,9
GET,/api/v1/contactservice/contacts/account/1585c915-fd29-46d9-bbbe-8066977afba5,1,0,21.663779392838478,21.663779392838478,21.663779392838478,21.663779392838478,38.0,0.0033758027908612266,0.0,22,22,22,22,22,22,22,22,22,22,22
GET,/api/v1/contactservice/contacts/account/16134ce2-24c3-4b43-b9fc-8ceed15f047f,3,0,16,31.51425812393427,14.216662384569645,64.72405418753624,150.66666666666666,0.01012740837258368,0.0,16,16,65,65,65,65,65,65,65,65,65
GET,/api/v1/contactservice/contacts/account/161a29e2-a175-4df0-91ee-54fe45843755,1,0,16.286853700876236,16.286853700876236,16.286853700876236,16.286853700876236,38.0,0.0033758027908612266,0.0,16,16,16,16,16,16,16,16,16,16,16
GET,/api/v1/contactservice/contacts/account/16274f46-16b4-47cc-9cba-b2b52d944040,2,0,7.25913792848587,11.736010201275349,7.25913792848587,16.212882474064827,122.5,0.006751605581722453,0.0,16,16,16,16,16,16,16,16,16,16,16
GET,/api/v1/contactservice/contacts/account/16ee8032-2418-485e-9653-60b6d305e969,2,0,12,13.547405134886503,11.748935095965862,15.345875173807144,122.5,0.006751605581722453,0.0,15,15,15,15,15,15,15,15,15,15,15
GET,/api/v1/contactservice/contacts/account/16f4a2fc-bb33-468b-8554-792f8b3e1c66,1,0,8.745379745960236,8.745379745960236,8.745379745960236,8.745379745960236,38.0,0.0033758027908612266,0.0,9,9,9,9,9,9,9,9,9,9,9
GET,/api/v1/contactservice/contacts/account/17075acf-a06a-46bd-b25a-93d4c8dd9146,2,0,16,18.08052370324731,15.698487870395184,20.462559536099434,122.5,0.006751605581722453,0.0,20,20,20,20,20,20,20,20,20,20,20
GET,/api/v1/contactservice/contacts/account/17545f85-4f92-4286-92da-4b9df7d8aa66,1,0,11.341082863509655,11.341082863509655,11.341082863509655,11.341082863509655,38.0,0.0033758027908612266,0.0,11,11,11,11,11,11,11,11,11,11,11
GET,/api/v1/contactservice/contacts/account/178ab7d2-5285-4b14-b44d-16960191db36,1,0,40.815724059939384,40.815724059939384,40.815724059939384,40.815724059939384,38.0,0.0033758027908612266,0.0,41,41,41,41,41,41,41,41,41,41,41
GET,/api/v1/contactservice/contacts/account/17b9606a-b6d9-4bed-a5a1-a1ad7fb75b51,1,0,7.455900311470032,7.455900311470032,7.455900311470032,7.455900311470032,38.0,0.0033758027908612266,0.0,7,7,7,7,7,7,7,7,7,7,7
GET,/api/v1/contactservice/contacts/account/17d56c45-f7b2-4631-8934-b731c19b8d09,1,0,7.748658768832684,7.748658768832684,7.748658768832684,7.748658768832684,38.0,0.0033758027908612266,0.0,8,8,8,8,8,8,8,8,8,8,8
GET,/api/v1/contactservice/contacts/account/18cdf7fe-a607-48b0-9586-375aee3ba9ba,1,0,5.406131036579609,5.406131036579609,5.406131036579609,5.406131036579609,38.0,0.0033758027908612266,0.0,5,5,5,5,5,5,5,5,5,5,5
GET,/api/v1/contactservice/contacts/account/19529d2d-cfab-4dc6-88af-36e60a77cdcc,1,0,6.382358260452747,6.382358260452747,6.382358260452747,6.382358260452747,38.0,0.0033758027908612266,0.0,6,6,6,6,6,6,6,6,6,6,6
GET,/api/v1/contactservice/contacts/account/19e06402-c0bc-40e6-b915-8515f29b8705,1,0,9.544841945171356,9.544841945171356,9.544841945171356,9.544841945171356,38.0,0.0033758027908612266,0.0,10,10,10,10,10,10,10,10,10,10,10
GET,/api/v1/contactservice/contacts/account/1a454331-10f2-486c-9e7b-cce3f77aee68,1,0,6.7004552111029625,6.7004552111029625,6.7004552111029625,6.7004552111029625,38.0,0.0033758027908612266,0.0,7,7,7,7,7,7,7,7,7,7,7
GET,/api/v1/contactservice/contacts/account/1a94fbe5-40c2-4f55-a578-4cfbf087de59,2,0,13,13.627850450575352,12.625954113900661,14.629746787250042,122.5,0.006751605581722453,0.0,15,15,15,15,15,15,15,15,15,15,15
GET,/api/v1/contactservice/contacts/account/1ab17eb3-c4fc-49e6-936e-9707a87f93c3,1,0,27.286621741950512,27.286621741950512,27.286621741950512,27.286621741950512,38.0,0.0033758027908612266,0.0,27,27,27,27,27,27,27,27,27,27,27
GET,/api/v1/contactservice/contacts/account/1aba814f-f402-407e-a477-73055062ff4e,2,0,9.354783222079277,13.084135483950377,9.354783222079277,16.813487745821476,122.5,0.006751605581722453,0.0,17,17,17,17,17,17,17,17,17,17,17
GET,/api/v1/contactservice/contacts/account/1acda4a2-1ebc-4341-8b06-58009cbe5e77,2,0,12.355547398328781,20.30392549932003,12.355547398328781,28.25230360031128,122.5,0.006751605581722453,0.0,28,28,28,28,28,28,28,28,28,28,28
GET,/api/v1/contactservice/contacts/account/1b0673a1-e2c7-40c8-9917-d4be8e9e8e3e,1,0,26.10097359865904,26.10097359865904,26.10097359865904,26.10097359865904,38.0,0.0033758027908612266,0.0,26,26,26,26,26,26,26,26,26,26,26
GET,/api/v1/contactservice/contacts/account/1b4c0a33-bd78-4957-9fcb-79096e626b0f,1,0,7.647044025361538,7.647044025361538,7.647044025361538,7.647044025361538,38.0,0.0033758027908612266,0.0,8,8,8,8,8,8,8,8,8,8,8
GET,/api/v1/contactservice/contacts/account/1b4d853b-e57b-4862-94fa-cef14dfcbe35,2,0,15,20.666330121457577,14.735735021531582,26.59692522138357,122.5,0.006751605581722453,0.0,27,27,27,27,27,27,27,27,27,27,27
GET,/api/v1/contactservice/contacts/account/1b502d53-34ed-4139-95bb-3b1cc3d73ae7,1,0,10.604595765471458,10.604595765471458,10.604595765471458,10.604595765471458,38.0,0.0033758027908612266,0.0,11,11,11,11,11,11,11,11,11,11,11
GET,/api/v1/contactservice/contacts/account/1b82cb5e-5700-4c53-8436-f69470546f29,2,0,11,14.089245349168777,10.818105190992355,17.3603855073452,122.5,0.006751605581722453,0.0,17,17,17,17,17,17,17,17,17,17,17
GET,/api/v1/contactservice/contacts/account/1b90218d-2485-47d5-9904-0fa39ec49f05,2,0,6,12.369060423225164,5.8419592678546906,18.89616157859564,122.5,0.006751605581722453,0.0,19,19,19,19,19,19,19,19,19,19,19
GET,/api/v1/contactservice/contacts/account/1b9a691c-da3b-4ba4-9ec4-40c5af03779b,1,0,11.391433887183666,11.391433887183666,11.391433887183666,11.391433887183666,38.0,0.0033758027908612266,0.0,11,11,11,11,11,11,11,11,11,11,11
GET,/api/v1/contactservice/contacts/account/1b9c6fe7-d4d1-4cb0-96bb-2f6395b9f410,1,0,7.435902953147888,7.435902953147888,7.435902953147888,7.435902953147888,38.0,0.0033758027908612266,0.0,7,7,7,7,7,7,7,7,7,7,7
GET,/api/v1/contactservice/contacts/account/1c5219a1-088a-41e5-8320-889ea4c2aeb8,3,0,12,15.438601995507875,9.070022962987423,24.88835994154215,150.66666666666666,0.01012740837258368,0.0,12,12,25,25,25,25,25,25,25,25,25
GET,/api/v1/contactservice/contacts/account/1c6830b1-7043-4f59-89ba-2c4798bf661f,1,0,8.836590684950352,8.836590684950352,8.836590684950352,8.836590684950352,38.0,0.0033758027908612266,0.0,9,9,9,9,9,9,9,9,9,9,9
GET,/api/v1/contactservice/contacts/account/1c9302d0-9a54-4ddb-b393-992b9e82e463,2,0,8,12.204182799905539,7.885593920946121,16.522771678864956,122.5,0.006751605581722453,0.0,17,17,17,17,17,17,17,17,17,17,17
GET,/api/v1/contactservice/contacts/account/1d1f37b2-b71d-443b-a45d-9a4e07d13619,1,0,9.92845930159092,9.92845930159092,9.92845930159092,9.92845930159092,38.0,0.0033758027908612266,0.0,10,10,10,10,10,10,10,10,10,10,10
GET,/api/v1/contactservice/contacts/account/1d52c316-a62e-4c60-b66d-86e0222890c3,3,0,13,15.916532215972742,7.224242202937603,27.923417277634144,150.66666666666666,0.01012740837258368,0.0,13,13,28,28,28,28,28,28,28,28,28
GET,/api/v1/contactservice/contacts/account/1d5707d6-7765-420d-87ae-953a730f4708,1,0,37.8321036696434,37.8321036696434,37.8321036696434,37.8321036696434,38.0,0.0033758027908612266,0.0,38,38,38,38,38,38,38,38,38,38,38
GET,/api/v1/contactservice/contacts/account/1df160e9-3151-413b-877c-0ee8ef965e61,1,0,8.597414940595627,8.597414940595627,8.597414940595627,8.597414940595627,38.0,0.0033758027908612266,0.0,9,9,9,9,9,9,9,9,9,9,9
GET,/api/v1/contactservice/contacts/account/1e5697dc-64b9-46e0-b947-a7a73484096d,2,0,8,10.03678934648633,7.755889557301998,12.317689135670662,122.5,0.006751605581722453,0.0,12,12,12,12,12,12,12,12,12,12,12
GET,/api/v1/contactservice/contacts/account/1e78e5b7-f94c-435a-9618-0dbeb4f4c47f,1,0,5.68806566298008,5.68806566298008,5.68806566298008,5.68806566298008,38.0,0.0033758027908612266,0.0,6,6,6,6,6,6,6,6,6,6,6
GET,/api/v1/contactservice/contacts/account/1ef54b3a-576d-4bfe-87a0-f7d0b0e9bb25,2,0,15.402575954794884,19.064608961343765,15.402575954794884,22.726641967892647,122.5,0.006751605581722453,0.0,23,23,23,23,23,23,23,23,23,23,23
GET,/api/v1/contactservice/contacts/account/1f1cd0ec-3c48-4060-8b7c-78808ff8d0f2,3,0,45,36.71794974555572,7.757974788546562,57.43779521435499,150.66666666666666,0.01012740837258368,0.0,45,45,57,57,57,57,57,57,57,57,57
GET,/api/v1/contactservice/contacts/account/1f2acfe7-2b72-4d6c-bfc2-49405301842a,1,0,10.20542811602354,10.20542811602354,10.20542811602354,10.20542811602354,38.0,0.0033758027908612266,0.0,10,10,10,10,10,10,10,10,10,10,10
GET,/api/v1/contactservice/contacts/account/1f8a6646-3999-416c-982f-30fec41e8dd0,3,0,15,15.994378055135408,8.390507660806179,24.967174045741558,150.66666666666666,0.01012740837258368,0.0,15,15,25,25,25,25,25,25,25,25,25
GET,/api/v1/contactservice/contacts/account/1ff99cb1-8fa8-41b5-8262-e58c9520fea1,1,0,27.65253372490406,27.65253372490406,27.65253372490406,27.65253372490406,38.0,0.0033758027908612266,0.0,28,28,28,28,28,28,28,28,28,28,28
GET,/api/v1/contactservice/contacts/account/20a9e47f-1cf5-4cd8-83b0-b02615469ca2,3,0,11,23.7273375193278,8.622492663562298,52.02658846974373,150.66666666666666,0.01012740837258368,0.0,11,11,52,52,52,52,52,52,52,52,52
GET,/api/v1/contactservice/contacts/account/20b8b5d8-d90c-4ccb-896f-6cdb8b5d6133,1,0,43.159548193216324,43.159548193216324,43.159548193216324,43.159548193216324,38.0,0.0033758027908612266,0.0,43,43,43,43,43,43,43,43,43,43,43
GET,/api/v1/contactservice/contacts/account/20e808bb-0a46-40f5-af47-ed5ce59391f1,2,0,11,12.060998938977718,10.513223707675934,13.608774170279503,122.5,0.006751605581722453,0.0,14,14,14,14,14,14,14,14,14,14,14
GET,/api/v1/contactservice/contacts/account/21089988-9b12-4d8d-b5a2-21214d8727e1,1,0,19.18263081461191,19.18263081461191,19.18263081461191,19.18263081461191,38.0,0.0033758027908612266,0.0,19,19,19,19,19,19,19,19,19,19,19
GET,/api/v1/contactservice/contacts/account/211812d6-7e24-4a12-9b9d-d1e5a9505ff8,1,0,17.66061130911112,17.66061130911112,17.66061130911112,17.66061130911112,38.0,0.0033758027908612266,0.0,18,18,18,18,18,18,18,18,18,18,18
GET,/api/v1/contactservice/contacts/account/21bc2ec0-5b7b-4519-a1c9-da57ab837d78,2,0,11,11.128937359899282,10.710988193750381,11.546886526048183,122.5,0.006751605581722453,0.0,12,12,12,12,12,12,12,12,12,12,12
GET,/api/v1/contactservice/contacts/account/21e793a5-263e-452c-bb82-263c5ef19a63,1,0,10.202490724623203,10.202490724623203,10.202490724623203,10.202490724623203,38.0,0.0033758027908612266,0.0,10,10,10,10,10,10,10,10,10,10,10
GET,/api/v1/contactservice/contacts/account/22022f0e-b1db-4aa1-bf00-aacc898532fb,2,0,8,10.121121071279049,7.748221978545189,12.494020164012909,122.5,0.006751605581722453,0.0,12,12,12,12,12,12,12,12,12,12,12
GET,/api/v1/contactservice/contacts/account/229fd15c-7635-40c9-82e0-55a78c77b256,2,0,7,11.51577616110444,6.678393110632896,16.353159211575985,122.5,0.006751605581722453,0.0,16,16,16,16,16,16,16,16,16,16,16
GET,/api/v1/contactservice/contacts/account/22e5fc11-dcf9-4ab3-9755-39a7b0a70cf0,1,0,44.35405507683754,44.35405507683754,44.35405507683754,44.35405507683754,38.0,0.0033758027908612266,0.0,44,44,44,44,44,44,44,44,44,44,44
GET,/api/v1/contactservice/contacts/account/22e9a17d-8c51-4138-b6f8-4f0129ace36b,1,0,15.737749636173248,15.737749636173248,15.737749636173248,15.737749636173248,38.0,0.0033758027908612266,0.0,16,16,16,16,16,16,16,16,16,16,16
GET,/api/v1/contactservice/contacts/account/2384b40e-763e-43bf-adf0-1b4f860c1ddd,1,0,12.189740315079689,12.189740315079689,12.189740315079689,12.189740315079689,38.0,0.0033758027908612266,0.0,12,12,12,12,12,12,12,12,12,12,12
GET,/api/v1/contactservice/contacts/account/23c5a9e3-5862-4d4f-b443-7637e31fe874,1,0,28.380099684000015,28.380099684000015,28.380099684000015,28.380099684000015,38.0,0.0033758027908612266,0.0,28,28,28,28,28,28,28,28,28,28,28
GET,/api/v1/contactservice/contacts/account/24207b04-6215-4e50-bb3d-af6245ca7810,1,0,10.811619460582733,10.811619460582733,10.811619460582733,10.811619460582733,38.0,0.0033758027908612266,0.0,11,11,11,11,11,11,11,11,11,11,11
GET,/api/v1/contactservice/contacts/account/24640769-e49e-4f29-9f49-fba5c144b833,1,0,35.42810492217541,35.42810492217541,35.42810492217541,35.42810492217541,38.0,0.0033758027908612266,0.0,35,35,35,35,35,35,35,35,35,35,35
GET,/api/v1/contactservice/contacts/account/252cc63d-4c5c-4a4e-beb8-2f5c5aa637e6,1,0,30.458188615739346,30.458188615739346,30.458188615739346,30.458188615739346,38.0,0.0033758027908612266,0.0,30,30,30,30,30,30,30,30,30,30,30
GET,/api/v1/contactservice/contacts/account/252dba13-b6b7-4fd9-aaf5-2f696aed3ede,1,0,11.191276833415031,11.191276833415031,11.191276833415031,11.191276833415031,38.0,0.0033758027908612266,0.0,11,11,11,11,11,11,11,11,11,11,11
GET,/api/v1/contactservice/contacts/account/259b316a-0f26-4c89-af03-2422c54bd9cb,1,0,27.392953634262085,27.392953634262085,27.392953634262085,27.392953634262085,38.0,0.0033758027908612266,0.0,27,27,27,27,27,27,27,27,27,27,27
GET,/api/v1/contactservice/contacts/account/25e26f54-77f9-42bc-9fe0-60cd0af37853,1,0,15.2092594653368,15.2092594653368,15.2092594653368,15.2092594653368,38.0,0.0033758027908612266,0.0,15,15,15,15,15,15,15,15,15,15,15
GET,/api/v1/contactservice/contacts/account/267f973f-8f4c-4217-9a3a-ba4e8d7f1f9c,1,0,9.200279600918293,9.200279600918293,9.200279600918293,9.200279600918293,38.0,0.0033758027908612266,0.0,9,9,9,9,9,9,9,9,9,9,9
GET,/api/v1/contactservice/contacts/account/27500563-e4ae-41c5-977c-86b531cad624,1,0,12.371711432933807,12.371711432933807,12.371711432933807,12.371711432933807,38.0,0.0033758027908612266,0.0,12,12,12,12,12,12,12,12,12,12,12
GET,/api/v1/contactservice/contacts/account/28466e83-ec79-4313-ae80-41b803c54e55,1,0,10.358711704611778,10.358711704611778,10.358711704611778,10.358711704611778,38.0,0.0033758027908612266,0.0,10,10,10,10,10,10,10,10,10,10,10
GET,/api/v1/contactservice/contacts/account/28e25a83-978a-4d45-8a05-fa064541473d,2,0,9,12.521050870418549,8.773557841777802,16.268543899059296,122.5,0.006751605581722453,0.0,16,16,16,16,16,16,16,16,16,16,16
GET,/api/v1/contactservice/contacts/account/29a6dc48-8d9e-4357-9c35-841df854f60b,3,0,12,20.553083159029484,6.036250852048397,43.8233558088541,150.66666666666666,0.01012740837258368,0.0,12,12,44,44,44,44,44,44,44,44,44
GET,/api/v1/contactservice/contacts/account/2a57ab5f-6f9f-4f65-913f-dc91a89137fe,2,0,7.2791483253240585,8.075914345681667,7.2791483253240585,8.872680366039276,122.5,0.006751605581722453,0.0,9,9,9,9,9,9,9,9,9,9,9
GET,/api/v1/contactservice/contacts/account/2a74aedb-bef3-4f95-9636-5cb7e3f04db1,2,0,15,17.687720712274313,14.560866169631481,20.814575254917145,122.5,0.006751605581722453,0.0,21,21,21,21,21,21,21,21,21,21,21
GET,/api/v1/contactservice/contacts/account/2aa7bf3b-c8e9-47de-9d7e-543574906e15,1,0,13.719632290303707,13.719632290303707,13.719632290303707,13.719632290303707,38.0,0.0033758027908612266,0.0,14,14,14,14,14,14,14,14,14,14,14
GET,/api/v1/contactservice/contacts/account/2b919797-3ac9-48e5-ba1b-876a9f98c3a8,1,0,42.91238822042942,42.91238822042942,42.91238822042942,42.91238822042942,38.0,0.0033758027908612266,0.0,43,43,43,43,43,43,43,43,43,43,43
GET,/api/v1/contactservice/contacts/account/2bb77b88-be74-45c7-8f91-4aff61f4e93d,2,0,14.024125412106514,20.740168634802103,14.024125412106514,27.456211857497692,122.5,0.006751605581722453,0.0,27,27,27,27,27,27,27,27,27,27,27
GET,/api/v1/contactservice/contacts/account/2bcff618-5056-4f6b-b11c-0e0032b92056,2,0,6.484773941338062,10.830320417881012,6.484773941338062,15.175866894423962,122.5,0.006751605581722453,0.0,15,15,15,15,15,15,15,15,15,15,15
GET,/api/v1/contactservice/contacts/account/2bf7d9ad-5f5e-4efc-8b28-3c840e0cc4d8,1,0,15.977765433490276,15.977765433490276,15.977765433490276,15.977765433490276,38.0,0.0033758027908612266,0.0,16,16,16,16,16,16,16,16,16,16,16
GET,/api/v1/contactservice/contacts/account/2c980cec-1f09-4ff7-9ae4-1b19248847b6,1,0,17.50289648771286,17.50289648771286,17.50289648771286,17.50289648771286,38.0,0.0033758027908612266,0.0,18,18,18,18,18,18,18,18,18,18,18
GET,/api/v1/contactservice/contacts/account/2c9bbfad-0905-49b4-8b0d-78e6784b0605,1,0,10.581850074231625,10.581850074231625,10.581850074231625,10.581850074231625,38.0,0.0033758027908612266,0.0,11,11,11,11,11,11,11,11,11,11,11
GET,/api/v1/contactservice/contacts/account/2cd321ff-93e3-4d8a-b7e8-40aa8a90a887,1,0,17.42202416062355,17.42202416062355,17.42202416062355,17.42202416062355,38.0,0.0033758027908612266,0.0,17,17,17,17,17,17,17,17,17,17,17
GET,/api/v1/contactservice/contacts/account/2cfc9b77-85c3-48ec-92c5-cb7f63c50e4d,3,0,17,19.582514340678852,12.355353683233261,29.770145192742348,150.66666666666666,0.01012740837258368,0.0,17,17,30,30,30,30,30,30,30,30,30
GET,/api/v1/contactservice/contacts/account/2daa7d85-3efd-45e5-b72d-be55ef0cbdcf,1,0,5.860350094735622,5.860350094735622,5.860350094735622,5.860350094735622,38.0,0.0033758027908612266,0.0,6,6,6,6,6,6,6,6,6,6,6
GET,/api/v1/contactservice/contacts/account/2de532e8-9e84-4961-bb98-342015ed2ec6,1,0,35.40254756808281,35.40254756808281,35.40254756808281,35.40254756808281,38.0,0.0033758027908612266,0.0,35,35,35,35,35,35,35,35,35,35,35
GET,/api/v1/contactservice/contacts/account/2e783015-ab8e-4e3b-8a24-b42923841951,2,0,8.276598528027534,10.412616655230522,8.276598528027534,12.54863478243351,122.5,0.006751605581722453,0.0,13,13,13,13,13,13,13,13,13,13,13
GET,/api/v1/contactservice/contacts/account/2ea5b1dc-8ebd-484c-a11b-bd9010039aaf,1,0,7.225111126899719,7.225111126899719,7.225111126899719,7.225111126899719,38.0,0.0033758027908612266,0.0,7,7,7,7,7,7,7,7,7,7,7
GET,/api/v1/contactservice/contacts/account/2ee9f54c-283b-431c-8415-6e885072e3e2,2,0,11,11.456181295216084,10.658735409379005,12.253627181053162,122.5,0.006751605581722453,0.0,12,12,12,12,12,12,12,12,12,12,12
GET,/api/v1/contactservice/contacts/account/2f8f4feb-ed72-4b77-b56b-b628fb453852,1,0,26.03775169700384,26.03775169700384,26.03775169700384,26.03775169700384,38.0,0.0033758027908612266,0.0,26,26,26,26,26,26,26,26,26,26,26
GET,/api/v1/contactservice/contacts/account/2fbb64bb-3595-4287-ae0f-7b62bcc0ad68,5,0,10,13.11414372175932,7.418959401547909,28.955348767340183,173.2,0.016879013954306132,0.0,10,10,10,29,29,29,29,29,29,29,29
GET,/api/v1/contactservice/contacts/account/2fbc5eeb-5a26-4757-b4f4-e54c753daeff,1,0,23.67257233709097,23.67257233709097,23.67257233709097,23.67257233709097,38.0,0.0033758027908612266,0.0,24,24,24,24,24,24,24,24,24,24,24
GET,/api/v1/contactservice/contacts/account/2fc5a943-9958-4606-afef-0b6f1eead34f,2,0,7.2205401957035065,11.723021045327187,7.2205401957035065,16.225501894950867,122.5,0.006751605581722453,0.0,16,16,16,16,16,16,16,16,16,16,16
GET,/api/v1/contactservice/contacts/account/2fd1b98b-8fac-4c1c-b2ba-3d522773dbad,2,0,6,9.323133155703545,5.809086374938488,12.837179936468601,122.5,0.006751605581722453,0.0,13,13,13,13,13,13,13,13,13,13,13
GET,/api/v1/contactservice/contacts/account/306d1fd0-b0b5-480d-8fd0-8c300c55a96c,3,0,13,13.19897516320149,6.702408194541931,19.655704498291016,150.66666666666666,0.01012740837258368,0.0,13,13,20,20,20,20,20,20,20,20,20
GET,/api/v1/contactservice/contacts/account/306e5203-0c23-42ed-8362-269a169dbf99,1,0,37.153846584260464,37.153846584260464,37.153846584260464,37.153846584260464,38.0,0.0033758027908612266,0.0,37,37,37,37,37,37,37,37,37,37,37
GET,/api/v1/contactservice/contacts/account/319415db-4306-40e0-ac44-a105e3388f85,1,0,17.73308962583542,17.73308962583542,17.73308962583542,17.73308962583542,38.0,0.0033758027908612266,0.0,18,18,18,18,18,18,18,18,18,18,18
GET,/api/v1/contactservice/contacts/account/319c099a-817a-4692-ab53-495a432f218d,2,0,8,11.222198605537415,7.762265391647816,14.682131819427013,122.5,0.006751605581722453,0.0,15,15,15,15,15,15,15,15,15,15,15
GET,/api/v1/contactservice/contacts/account/31d5c071-6432-4da3-a93e-ffcb21ed7313,1,0,12.472705915570259,12.472705915570259,12.472705915570259,12.472705915570259,38.0,0.0033758027908612266,0.0,12,12,12,12,12,12,12,12,12,12,12
GET,/api/v1/contactservice/contacts/account/326c77d9-970e-4d7d-8dec-9d202ea0f3c1,1,0,11.490934528410435,11.490934528410435,11.490934528410435,11.490934528410435,38.0,0.0033758027908612266,0.0,11,11,11,11,11,11,11,11,11,11,11
GET,/api/v1/contactservice/contacts/account/32a286cb-4215-40ea-bd8a-d3c8d600bf6d,2,0,8,11.130127590149641,7.552919909358025,14.707335270941257,122.5,0.006751605581722453,0.0,15,15,15,15,15,15,15,15,15,15,15
GET,/api/v1/contactservice/contacts/account/330f87a9-f101-4007-81ec-a9d4ec0b92d8,4,0,15,33.027376513928175,10.219061747193336,56.923627853393555,122.5,0.013503211163444906,0.0,50,50,57,57,57,57,57,57,57,57,57
GET,/api/v1/contactservice/contacts/account/34085bf7-4894-42ad-95f1-df967d562526,1,0,6.365419365465641,6.365419365465641,6.365419365465641,6.365419365465641,38.0,0.0033758027908612266,0.0,6,6,6,6,6,6,6,6,6,6,6
GET,/api/v1/contactservice/contacts/account/343ad8be-9798-4216-9eae-b5d0803fcd83,3,0,10,10.540389455854893,8.349791169166565,13.41904979199171,150.66666666666666,0.01012740837258368,0.0,10,10,13,13,13,13,13,13,13,13,13
GET,/api/v1/contactservice/contacts/account/347cd694-4313-4d10-aa74-176316c38c94,1,0,8.265695534646511,8.265695534646511,8.265695534646511,8.265695534646511,38.0,0.0033758027908612266,0.0,8,8,8,8,8,8,8,8,8,8,8
GET,/api/v1/contactservice/contacts/account/350fcb25-7264-403c-8e67-ca07167891d8,1,0,19.336498342454433,19.336498342454433,19.336498342454433,19.336498342454433,38.0,0.0033758027908612266,0.0,19,19,19,19,19,19,19,19,19,19,19
GET,/api/v1/contactservice/contacts/account/35379677-6fcc-484d-bbaf-93b3a5b0c81e,1,0,9.68469399958849,9.68469399958849,9.68469399958849,9.68469399958849,38.0,0.0033758027908612266,0.0,10,10,10,10,10,10,10,10,10,10,10
GET,/api/v1/contactservice/contacts/account/353d0829-b589-4840-beac-0efd6aaefbe3,1,0,8.730192668735981,8.730192668735981,8.730192668735981,8.730192668735981,38.0,0.0033758027908612266,0.0,9,9,9,9,9,9,9,9,9,9,9
GET,/api/v1/contactservice/contacts/account/35a47ac0-a052-46c0-a438-566c8d8ad34c,2,0,8.470733650028706,12.777695897966623,8.470733650028706,17.08465814590454,122.5,0.006751605581722453,0.0,17,17,17,17,17,17,17,17,17,17,17
GET,/api/v1/contactservice/contacts/account/35ccb5df-f0ae-432c-8cec-7fca5449df3b,1,0,8.198043331503868,8.198043331503868,8.198043331503868,8.198043331503868,38.0,0.0033758027908612266,0.0,8,8,8,8,8,8,8,8,8,8,8
GET,/api/v1/contactservice/contacts/account/366d56a4-220f-40d4-b6b0-e4a2abf1b86d,2,0,8.053707890212536,9.786575101315975,8.053707890212536,11.519442312419415,122.5,0.006751605581722453,0.0,12,12,12,12,12,12,12,12,12,12,12
GET,/api/v1/contactservice/contacts/account/3691a961-b718-4f5b-a111-85e24fed81b2,1,0,6.504679098725319,6.504679098725319,6.504679098725319,6.504679098725319,38.0,0.0033758027908612266,0.0,7,7,7,7,7,7,7,7,7,7,7
GET,/api/v1/contactservice/contacts/account/36d9fb7c-2901-4552-87c2-917938b0697a,1,0,21.3143527507782,21.3143527507782,21.3143527507782,21.3143527507782,38.0,0.0033758027908612266,0.0,21,21,21,21,21,21,21,21,21,21,21
GET,/api/v1/contactservice/contacts/account/36e243b7-b38e-4dd1-9b09-d7008c10c71d,5,0,9,12.085750326514244,7.660838775336742,19.4628294557333,173.2,0.016879013954306132,0.0,9,16,16,19,19,19,19,19,19,19,19
GET,/api/v1/contactservice/contacts/account/36f61ece-922d-43f7-9b03-1ef6595a740e,1,0,10.948596522212029,10.948596522212029,10.948596522212029,10.948596522212029,38.0,0.0033758027908612266,0.0,11,11,11,11,11,11,11,11,11,11,11
GET,/api/v1/contactservice/contacts/account/379d31b3-671e-42a4-8578-0a17b5490003,1,0,6.342205218970776,6.342205218970776,6.342205218970776,6.342205218970776,38.0,0.0033758027908612266,0.0,6,6,6,6,6,6,6,6,6,6,6
GET,/api/v1/contactservice/contacts/account/38f478b0-85f0-42be-9ad2-c82f14bfdfc5,2,0,10.450496338307858,15.008685179054737,10.450496338307858,19.566874019801617,122.5,0.006751605581722453,0.0,20,20,20,20,20,20,20,20,20,20,20
GET,/api/v1/contactservice/contacts/account/392cb721-b262-4adf-88c5-247f55af3068,2,0,7,8.604611735790968,6.989063695073128,10.220159776508808,122.5,0.006751605581722453,0.0,10,10,10,10,10,10,10,10,10,10,10
GET,/api/v1/contactservice/contacts/account/397dee96-0092-4916-a4f8-ee3e3398a201,2,0,6,8.478634990751743,5.585496313869953,11.371773667633533,122.5,0.006751605581722453,0.0,11,11,11,11,11,11,11,11,11,11,11
GET,/api/v1/contactservice/contacts/account/3987fcaf-cbeb-4dcf-baa8-71f5c27dd72f,3,0,10,52.96182384093603,9.456503205001354,139.62834235280752,150.66666666666666,0.01012740837258368,0.0,10,10,140,140,140,140,140,140,140,140,140
GET,/api/v1/contactservice/contacts/account/3993b3e4-96ec-48eb-9d42-fde4f09b47b3,2,0,9.237849153578281,12.090857606381178,9.237849153578281,14.943866059184074,122.5,0.006751605581722453,0.0,15,15,15,15,15,15,15,15,15,15,15
GET,/api/v1/contactservice/contacts/account/3a47c25c-b37e-4972-8148-0b385bd1c37d,2,0,9.450891055166721,9.604699444025755,9.450891055166721,9.758507832884789,122.5,0.006751605581722453,0.0,10,10,10,10,10,10,10,10,10,10,10
GET,/api/v1/contactservice/contacts/account/3a8acc6d-4cd8-4254-a2b1-bfbd5d1ac947,1,0,22.78419677168131,22.78419677168131,22.78419677168131,22.78419677168131,38.0,0.0033758027908612266,0.0,23,23,23,23,23,23,23,23,23,23,23
GET,/api/v1/contactservice/contacts/account/3a8ef749-41f6-4151-9fad-0a427c0b2d4a,1,0,9.533433243632317,9.533433243632317,9.533433243632317,9.533433243632317,38.0,0.0033758027908612266,0.0,10,10,10,10,10,10,10,10,10,10,10
GET,/api/v1/contactservice/contacts/account/3aa11b7b-b3e6-47f0-8216-db97d52e1e80,1,0,10.806470178067684,10.806470178067684,10.806470178067684,10.806470178067684,38.0,0.0033758027908612266,0.0,11,11,11,11,11,11,11,11,11,11,11
GET,/api/v1/contactservice/contacts/account/3b1a184f-33ff-4420-8225-018f38ade0fd,1,0,8.251962251961231,8.251962251961231,8.251962251961231,8.251962251961231,38.0,0.0033758027908612266,0.0,8,8,8,8,8,8,8,8,8,8,8
GET,/api/v1/contactservice/contacts/account/3b22d62d-4838-468c-a4f4-4655a8dd8402,3,0,11,10.316616234680017,7.714316248893738,11.876272968947887,150.66666666666666,0.01012740837258368,0.0,11,11,12,12,12,12,12,12,12,12,12
GET,/api/v1/contactservice/contacts/account/3bcf1597-4025-4542-a45e-de6019a971f3,1,0,10.259188711643219,10.259188711643219,10.259188711643219,10.259188711643219,38.0,0.0033758027908612266,0.0,10,10,10,10,10,10,10,10,10,10,10
GET,/api/v1/contactservice/contacts/account/3bf27eed-02c7-4141-8afc-0933e5ac6e0d,1,0,11.712019331753254,11.712019331753254,11.712019331753254,11.712019331753254,38.0,0.0033758027908612266,0.0,12,12,12,12,12,12,12,12,12,12,12
GET,/api/v1/contactservice/contacts/account/3c10c0d9-8507-40d7-9190-ef92bbee6eff,3,0,10,12.910306143263975,9.664800018072128,19.395900890231133,150.66666666666666,0.01012740837258368,0.0,10,10,19,19,19,19,19,19,19,19,19
GET,/api/v1/contactservice/contacts/account/3c91defd-e4ba-4eef-86b8-ee5d0e693d4c,1,0,6.477032788097858,6.477032788097858,6.477032788097858,6.477032788097858,38.0,0.0033758027908612266,0.0,6,6,6,6,6,6,6,6,6,6,6
GET,/api/v1/contactservice/contacts/account/3cf8251b-5247-4d11-850d-cbed2f8ecf85,1,0,5.139133892953396,5.139133892953396,5.139133892953396,5.139133892953396,38.0,0.0033758027908612266,0.0,5,5,5,5,5,5,5,5,5,5,5
GET,/api/v1/contactservice/contacts/account/3d55c223-f151-43e8-b3ec-389a8cc68701,2,0,11,13.709370978176594,10.590720921754837,16.82802103459835,122.5,0.006751605581722453,0.0,17,17,17,17,17,17,17,17,17,17,17
GET,/api/v1/contactservice/contacts/account/3d78c0d3-a4e6-4082-a17a-f68551509558,1,0,9.639985859394073,9.639985859394073,9.639985859394073,9.639985859394073,38.0,0.0033758027908612266,0.0,10,10,10,10,10,10,10,10,10,10,10
GET,/api/v1/contactservice/contacts/account/3e47fe2a-4416-4940-939c-bad227fc94a2,2,0,8.427776396274567,10.954851284623146,8.427776396274567,13.481926172971725,122.5,0.006751605581722453,0.0,13,13,13,13,13,13,13,13,13,13,13
GET,/api/v1/contactservice/contacts/account/3e6efa0b-0039-4dcb-8e0e-52f106b8b947,1,0,11.886639520525932,11.886639520525932,11.886639520525932,11.886639520525932,38.0,0.0033758027908612266,0.0,12,12,12,12,12,12,12,12,12,12,12
GET,/api/v1/contactservice/contacts/account/3ec92904-d53a-45c3-8d23-a3aef5f8d531,3,0,10,11.50999590754509,9.4143720343709,14.656415209174156,150.66666666666666,0.01012740837258368,0.0,10,10,15,15,15,15,15,15,15,15,15
GET,/api/v1/contactservice/contacts/account/40214811-cb67-4bae-9154-3b9511eefdfe,2,0,10.48688031733036,13.834204990416765,10.48688031733036,17.18152966350317,122.5,0.006751605581722453,0.0,17,17,17,17,17,17,17,17,17,17,17
GET,/api/v1/contactservice/contacts/account/40529d78-45fc-4362-b8b4-c6a299359182,2,0,11,11.485203169286251,10.742122307419777,12.228284031152725,122.5,0.006751605581722453,0.0,12,12,12,12,12,12,12,12,12,12,12
GET,/api/v1/contactservice/contacts/account/408076f0-cf95-47a7-a5e9-0ebd50f8e213,1,0,13.512262143194675,13.512262143194675,13.512262143194675,13.512262143194675,38.0,0.0033758027908612266,0.0,14,14,14,14,14,14,14,14,14,14,14
GET,/api/v1/contactservice/contacts/account/40955d1a-92cd-41bb-8571-5e65a34f9632,1,0,7.993010804057121,7.993010804057121,7.993010804057121,7.993010804057121,38.0,0.0033758027908612266,0.0,8,8,8,8,8,8,8,8,8,8,8
GET,/api/v1/contactservice/contacts/account/40a74d7c-fb27-49dd-a53a-aad13711f723,1,0,12.046769261360168,12.046769261360168,12.046769261360168,12.046769261360168,38.0,0.0033758027908612266,0.0,12,12,12,12,12,12,12,12,12,12,12
GET,/api/v1/contactservice/contacts/account/40e45b6e-5b44-4397-beb3-43c36573dd62,3,0,12,10.600928838054338,7.079786621034145,12.629425153136253,150.66666666666666,0.01012740837258368,0.0,12,12,13,13,13,13,13,13,13,13,13
GET,/api/v1/contactservice/contacts/account/413ece8e-a7c5-4fd3-a666-6036ec7eb738,1,0,9.578725323081017,9.578725323081017,9.578725323081017,9.578725323081017,38.0,0.0033758027908612266,0.0,10,10,10,10,10,10,10,10,10,10,10
GET,/api/v1/contactservice/contacts/account/41609918-731f-4f74-b89b-cf52a96c0641,2,0,10.329506359994411,42.140111327171326,10.329506359994411,73.95071629434824,122.5,0.006751605581722453,0.0,74,74,74,74,74,74,74,74,74,74,74
GET,/api/v1/contactservice/contacts/account/4203e6cf-3c8b-48f0-a444-469ab5961ec9,2,0,9.043269790709019,10.431747417896986,9.043269790709019,11.820225045084953,122.5,0.006751605581722453,0.0,12,12,12,12,12,12,12,12,12,12,12
GET,/api/v1/contactservice/contacts/account/4242386e-a31d-470b-afc6-d054b5fc01f2,2,0,7.106238044798374,9.760911110788584,7.106238044798374,12.415584176778793,122.5,0.006751605581722453,0.0,12,12,12,12,12,12,12,12,12,12,12
GET,/api/v1/contactservice/contacts/account/426075b6-1d28-4060-a704-52aec64d8440,3,0,8,9.23940073698759,6.22905045747757,13.454611413180828,150.66666666666666,0.01012740837258368,0.0,8,8,13,13,13,13,13,13,13,13,13
GET,/api/v1/contactservice/contacts/account/43251bca-2d33-4738-93a6-8f708c2d1499,2,0,8,9.507425595074892,7.595130242407322,11.419720947742462,122.5,0.006751605581722453,0.0,11,11,11,11,11,11,11,11,11,11,11
GET,/api/v1/contactservice/contacts/account/4376d8f1-4997-468f-bdbb-7d3cd0ef5ea4,1,0,7.807477377355099,7.807477377355099,7.807477377355099,7.807477377355099,38.0,0.0033758027908612266,0.0,8,8,8,8,8,8,8,8,8,8,8
GET,/api/v1/contactservice/contacts/account/4396038b-550d-42e9-82fd-54ee4378ec23,2,0,12,14.838505070656538,11.53467409312725,18.142336048185825,122.5,0.006751605581722453,0.0,18,18,18,18,18,18,18,18,18,18,18
GET,/api/v1/contactservice/contacts/account/44025827-5c10-4e2c-a8dc-d1ffbacba027,1,0,15.715881250798702,15.715881250798702,15.715881250798702,15.715881250798702,38.0,0.0033758027908612266,0.0,16,16,16,16,16,16,16,16,16,16,16
GET,/api/v1/contactservice/contacts/account/44a1e8bb-037f-4f24-988e-b87fc7b97d36,1,0,8.779427036643028,8.779427036643028,8.779427036643028,8.779427036643028,38.0,0.0033758027908612266,0.0,9,9,9,9,9,9,9,9,9,9,9
GET,/api/v1/contactservice/contacts/account/44a6fdbc-1db9-44c8-a88f-fd3ad9da4a96,1,0,8.540911599993706,8.540911599993706,8.540911599993706,8.540911599993706,38.0,0.0033758027908612266,0.0,9,9,9,9,9,9,9,9,9,9,9
GET,/api/v1/contactservice/contacts/account/450413c7-8c9e-448e-a322-bba04e835fdd,1,0,31.277458183467388,31.277458183467388,31.277458183467388,31.277458183467388,38.0,0.0033758027908612266,0.0,31,31,31,31,31,31,31,31,31,31,31
GET,/api/v1/contactservice/contacts/account/4571a50e-fc54-4c7a-8834-698487cfe277,2,0,9.339974261820316,10.545110329985619,9.339974261820316,11.75024639815092,122.5,0.006751605581722453,0.0,12,12,12,12,12,12,12,12,12,12,12
GET,/api/v1/contactservice/contacts/account/461869a4-9617-454b-85ab-1852ea77e67c,3,0,10,12.217033033569654,5.614939145743847,20.816391333937645,150.66666666666666,0.01012740837258368,0.0,10,10,21,21,21,21,21,21,21,21,21
GET,/api/v1/contactservice/contacts/account/471b51ee-4273-4919-bb54-dfad73101c74,3,0,11,12.256051413714886,10.485890321433544,14.904368668794632,150.66666666666666,0.01012740837258368,0.0,11,11,15,15,15,15,15,15,15,15,15
GET,/api/v1/contactservice/contacts/account/484212dd-4353-417c-9bc6-c654154e47d2,1,0,7.05135241150856,7.05135241150856,7.05135241150856,7.05135241150856,38.0,0.0033758027908612266,0.0,7,7,7,7,7,7,7,7,7,7,7
GET,/api/v1/contactservice/contacts/account/48f54280-eef5-4d84-b5cb-68bce75b7de9,1,0,24.968883022665977,24.968883022665977,24.968883022665977,24.968883022665977,38.0,0.0033758027908612266,0.0,25,25,25,25,25,25,25,25,25,25,25
GET,/api/v1/contactservice/contacts/account/49461e19-16b9-4b16-9b74-32cd1c4e48f9,1,0,8.032622747123241,8.032622747123241,8.032622747123241,8.032622747123241,38.0,0.0033758027908612266,0.0,8,8,8,8,8,8,8,8,8,8,8
GET,/api/v1/contactservice/contacts/account/498a01ed-4533-4617-8a8c-cee57c23cfdf,1,0,19.751950167119503,19.751950167119503,19.751950167119503,19.751950167119503,38.0,0.0033758027908612266,0.0,20,20,20,20,20,20,20,20,20,20,20
GET,/api/v1/contactservice/contacts/account/4a35068b-a8e1-441f-9add-4ef01f326d01,1,0,6.086667068302631,6.086667068302631,6.086667068302631,6.086667068302631,38.0,0.0033758027908612266,0.0,6,6,6,6,6,6,6,6,6,6,6
GET,/api/v1/contactservice/contacts/account/4ab00f72-4317-4071-bec8-44999abca9e5,1,0,20.56200336664915,20.56200336664915,20.56200336664915,20.56200336664915,38.0,0.0033758027908612266,0.0,21,21,21,21,21,21,21,21,21,21,21
GET,/api/v1/contactservice/contacts/account/4b87b096-078c-48f0-bf6f-83ec2c55c271,1,0,9.320227429270744,9.320227429270744,9.320227429270744,9.320227429270744,38.0,0.0033758027908612266,0.0,9,9,9,9,9,9,9,9,9,9,9
GET,/api/v1/contactservice/contacts/account/4b92859c-8075-4316-a5c1-5cb214334a65,1,0,9.84554085880518,9.84554085880518,9.84554085880518,9.84554085880518,38.0,0.0033758027908612266,0.0,10,10,10,10,10,10,10,10,10,10,10
GET,/api/v1/contactservice/contacts/account/4c199a1b-13b1-42ac-b80c-4d089a10da22,2,0,10,10.460246820002794,9.704331867396832,11.216161772608757,122.5,0.006751605581722453,0.0,11,11,11,11,11,11,11,11,11,11,11
GET,/api/v1/contactservice/contacts/account/4d56c128-ba05-4fd4-a8f9-38961056fa35,3,0,13,27.220822560290497,8.931582793593407,59.870848432183266,150.66666666666666,0.01012740837258368,0.0,13,13,60,60,60,60,60,60,60,60,60
GET,/api/v1/contactservice/contacts/account/4dd4edb3-2bec-47cc-96f2-8eceb6edd8db,3,0,10,10.485194313029448,9.00888442993164,12.489557266235352,150.66666666666666,0.01012740837258368,0.0,10,10,12,12,12,12,12,12,12,12,12
GET,/api/v1/contactservice/contacts/account/4ea67102-d392-47c2-920e-cc5f4d5ebb09,1,0,8.656421676278114,8.656421676278114,8.656421676278114,8.656421676278114,38.0,0.0033758027908612266,0.0,9,9,9,9,9,9,9,9,9,9,9
GET,/api/v1/contactservice/contacts/account/4eab2ea6-18b6-4f11-aeb5-6ba7d02acb87,1,0,10.664007626473904,10.664007626473904,10.664007626473904,10.664007626473904,38.0,0.0033758027908612266,0.0,11,11,11,11,11,11,11,11,11,11,11
GET,/api/v1/contactservice/contacts/account/4ece7c9e-d237-4e97-b011-9e527cea0d0e,2,0,8.249730803072453,9.258501697331667,8.249730803072453,10.267272591590881,122.5,0.006751605581722453,0.0,10,10,10,10,10,10,10,10,10,10,10
GET,/api/v1/contactservice/contacts/account/4ef92ad0-f727-456f-8ddc-7a7d9dbf6a8d,1,0,20.37597354501486,20.37597354501486,20.37597354501486,20.37597354501486,38.0,0.0033758027908612266,0.0,20,20,20,20,20,20,20,20,20,20,20
GET,/api/v1/contactservice/contacts/account/4f2f2ce6-ffd1-4b92-90cb-805eb48b5889,1,0,21.094813011586666,21.094813011586666,21.094813011586666,21.094813011586666,38.0,0.0033758027908612266,0.0,21,21,21,21,21,21,21,21,21,21,21
GET,/api/v1/contactservice/contacts/account/4f5f658b-62b2-40bc-8b2f-6428568cbd1f,2,0,13,13.721878174692392,12.893578968942165,14.55017738044262,122.5,0.006751605581722453,0.0,15,15,15,15,15,15,15,15,15,15,15
GET,/api/v1/contactservice/contacts/account/4f8051bc-dc89-4e41-af08-a563b652b1c8,1,0,9.382889606058598,9.382889606058598,9.382889606058598,9.382889606058598,38.0,0.0033758027908612266,0.0,9,9,9,9,9,9,9,9,9,9,9
GET,/api/v1/contactservice/contacts/account/503fbcd2-e953-4004-a926-19d01929bd81,1,0,29.092748649418354,29.092748649418354,29.092748649418354,29.092748649418354,38.0,0.0033758027908612266,0.0,29,29,29,29,29,29,29,29,29,29,29
GET,/api/v1/contactservice/contacts/account/50917271-03f2-4325-aa20-07bbd6d9187b,3,0,9,8.910068621238073,7.860924117267132,10.085340589284897,150.66666666666666,0.01012740837258368,0.0,9,9,10,10,10,10,10,10,10,10,10
GET,/api/v1/contactservice/contacts/account/50d22b1e-2962-44dd-adf6-9b1f326bdfba,2,0,10.238501243293285,12.608172837644815,10.238501243293285,14.977844431996346,122.5,0.006751605581722453,0.0,15,15,15,15,15,15,15,15,15,15,15
GET,/api/v1/contactservice/contacts/account/514676fe-3a57-4af0-b58b-51ac056f6279,3,0,14,12.274679106970629,8.62488429993391,14.545843005180359,150.66666666666666,0.01012740837258368,0.0,14,14,15,15,15,15,15,15,15,15,15
GET,/api/v1/contactservice/contacts/account/517bc69a-470b-4887-a9f7-44c68d4fcbd9,1,0,6.4811138436198235,6.4811138436198235,6.4811138436198235,6.4811138436198235,38.0,0.0033758027908612266,0.0,6,6,6,6,6,6,6,6,6,6,6
GET,/api/v1/contactservice/contacts/account/52416896-e45d-45a5-a209-fb38a4253ee8,1,0,16.260907985270023,16.260907985270023,16.260907985270023,16.260907985270023,38.0,0.0033758027908612266,0.0,16,16,16,16,16,16,16,16,16,16,16
GET,/api/v1/contactservice/contacts/account/5243ff5e-bf2c-4ee9-aa68-7120a91c4e45,1,0,5.545482970774174,5.545482970774174,5.545482970774174,5.545482970774174,38.0,0.0033758027908612266,0.0,6,6,6,6,6,6,6,6,6,6,6
GET,/api/v1/contactservice/contacts/account/52a12466-07c2-4cb3-b218-1b96f814ea39,2,0,9.564963169395924,9.5646558329463,9.564348496496677,9.564963169395924,122.5,0.006751605581722453,0.0,10,10,10,10,10,10,10,10,10,10,10
GET,/api/v1/contactservice/contacts/account/52d151bb-efed-4abb-b9fd-624c0a64c826,2,0,12.053661979734898,13.509312644600868,12.053661979734898,14.964963309466839,122.5,0.006751605581722453,0.0,15,15,15,15,15,15,15,15,15,15,15
GET,/api/v1/contactservice/contacts/account/52fab74c-de1d-49b2-8e2c-24b60526825e,1,0,14.901225455105305,14.901225455105305,14.901225455105305,14.901225455105305,38.0,0.0033758027908612266,0.0,15,15,15,15,15,15,15,15,15,15,15
GET,/api/v1/contactservice/contacts/account/531e8611-efca-4a77-adfc-8c5e490516ce,2,0,20,45.8576618693769,19.919526763260365,71.79579697549343,122.5,0.006751605581722453,0.0,72,72,72,72,72,72,72,72,72,72,72
GET,/api/v1/contactservice/contacts/account/5346c7e4-170b-417d-890a-3e5eeed922c4,2,0,9,19.81398928910494,8.713997900485992,30.913980677723885,122.5,0.006751605581722453,0.0,31,31,31,31,31,31,31,31,31,31,31
GET,/api/v1/contactservice/contacts/account/539360eb-1aee-4758-919a-dbd2ce9ba86f,1,0,10.535462759435177,10.535462759435177,10.535462759435177,10.535462759435177,38.0,0.0033758027908612266,0.0,11,11,11,11,11,11,11,11,11,11,11
GET,/api/v1/contactservice/contacts/account/5413f8ef-0b98-4fa8-9865-a9c161ed10a6,3,0,8,9.168794378638268,6.127269007265568,13.575262390077114,150.66666666666666,0.01012740837258368,0.0,8,8,14,14,14,14,14,14,14,14,14
GET,/api/v1/contactservice/contacts/account/5435eae0-a100-4766-8001-9262f081ba6c,2,0,15,15.350094065070152,14.90900106728077,15.791187062859535,122.5,0.006751605581722453,0.0,16,16,16,16,16,16,16,16,16,16,16
GET,/api/v1/contactservice/contacts/account/549ce5ca-c91c-4c8d-ba23-afed8f32e93e,1,0,6.3053909689188,6.3053909689188,6.3053909689188,6.3053909689188,38.0,0.0033758027908612266,0.0,6,6,6,6,6,6,6,6,6,6,6
GET,/api/v1/contactservice/contacts/account/55080ee3-71fc-4c06-afe7-d4dc36cc9aad,4,0,9,10.390223003923893,8.478808216750622,12.996690347790718,164.75,0.013503211163444906,0.0,12,12,13,13,13,13,13,13,13,13,13
GET,/api/v1/contactservice/contacts/account/554ef394-5470-4e1a-bfe8-abfcebaa5070,3,0,11,10.887332571049532,9.693452157080173,11.605991050601006,150.66666666666666,0.01012740837258368,0.0,11,11,12,12,12,12,12,12,12,12,12
GET,/api/v1/contactservice/contacts/account/556d195b-3bb9-477d-93b9-c762ea5520bb,1,0,6.081888452172279,6.081888452172279,6.081888452172279,6.081888452172279,38.0,0.0033758027908612266,0.0,6,6,6,6,6,6,6,6,6,6,6
GET,/api/v1/contactservice/contacts/account/577fc18c-0bf4-4c99-b671-1325b52d2bee,2,0,6.121003068983555,8.344667498022318,6.121003068983555,10.568331927061081,122.5,0.006751605581722453,0.0,11,11,11,11,11,11,11,11,11,11,11
GET,/api/v1/contactservice/contacts/account/583b398b-456d-4099-9832-92a6716b36df,1,0,6.251056678593159,6.251056678593159,6.251056678593159,6.251056678593159,38.0,0.0033758027908612266,0.0,6,6,6,6,6,6,6,6,6,6,6
GET,/api/v1/contactservice/contacts/account/5844bf75-3b20-497d-9fff-246a4562c44a,3,0,12,11.897685006260872,9.632246568799019,13.946638442575932,150.66666666666666,0.01012740837258368,0.0,12,12,14,14,14,14,14,14,14,14,14
GET,/api/v1/contactservice/contacts/account/589614cb-18d7-4d81-ab06-7900f8a07b3c,1,0,18.671108409762383,18.671108409762383,18.671108409762383,18.671108409762383,38.0,0.0033758027908612266,0.0,19,19,19,19,19,19,19,19,19,19,19
GET,/api/v1/contactservice/contacts/account/58bcf3e6-929e-4675-bc4d-226fc65ed344,1,0,6.814685650169849,6.814685650169849,6.814685650169849,6.814685650169849,38.0,0.0033758027908612266,0.0,7,7,7,7,7,7,7,7,7,7,7
GET,/api/v1/contactservice/contacts/account/594dad12-d869-45b6-90b7-987d7ae66981,2,0,7,12.160773389041424,6.696957163512707,17.62458961457014,122.5,0.006751605581722453,0.0,18,18,18,18,18,18,18,18,18,18,18
GET,/api/v1/contactservice/contacts/account/59e62c64-a33e-4654-88bc-a0ce997f0bb2,2,0,13.177245855331421,16.449269838631153,13.177245855331421,19.721293821930885,122.5,0.006751605581722453,0.0,20,20,20,20,20,20,20,20,20,20,20
GET,/api/v1/contactservice/contacts/account/5a0991cd-a1dd-4757-aef5-719d82258824,2,0,9,10.809628292918205,8.74765869230032,12.87159789353609,122.5,0.006751605581722453,0.0,13,13,13,13,13,13,13,13,13,13,13
GET,/api/v1/contactservice/contacts/account/5ac86045-31e8-472a-87a9-8bac051b9fc0,1,0,36.90911550074816,36.90911550074816,36.90911550074816,36.90911550074816,38.0,0.0033758027908612266,0.0,37,37,37,37,37,37,37,37,37,37,37
GET,/api/v1/contactservice/contacts/account/5add9eca-1793-4a1f-9442-50b5d348edc9,1,0,26.248352602124214,26.248352602124214,26.248352602124214,26.248352602124214,38.0,0.0033758027908612266,0.0,26,26,26,26,26,26,26,26,26,26,26
GET,/api/v1/contactservice/contacts/account/5af2ae1d-6cc3-48e1-af75-30e322c43219,1,0,9.654919616878033,9.654919616878033,9.654919616878033,9.654919616878033,38.0,0.0033758027908612266,0.0,10,10,10,10,10,10,10,10,10,10,10
GET,/api/v1/contactservice/contacts/account/5af3bb13-ee4c-4d57-b3e8-9acab3d04467,1,0,9.173467755317688,9.173467755317688,9.173467755317688,9.173467755317688,38.0,0.0033758027908612266,0.0,9,9,9,9,9,9,9,9,9,9,9
GET,/api/v1/contactservice/contacts/account/5b20746e-7322-4b0c-ab09-80be6cf199ea,2,0,8,8.490927517414093,7.592460140585899,9.389394894242287,122.5,0.006751605581722453,0.0,9,9,9,9,9,9,9,9,9,9,9
GET,/api/v1/contactservice/contacts/account/5b3a6682-6d58-4cc1-aa7f-327828e13a4e,4,0,12,13.356161303818226,11.177483014762402,16.020676121115685,164.75,0.013503211163444906,0.0,15,15,16,16,16,16,16,16,16,16,16
GET,/api/v1/contactservice/contacts/account/5d4d4387-1798-4b0e-a702-9f2d56b305c9,1,0,7.955677807331085,7.955677807331085,7.955677807331085,7.955677807331085,38.0,0.0033758027908612266,0.0,8,8,8,8,8,8,8,8,8,8,8
GET,/api/v1/contactservice/contacts/account/5d584e56-e85c-4d5e-a52c-5607fd2f5271,2,0,7,9.31825116276741,6.919510662555695,11.716991662979126,122.5,0.006751605581722453,0.0,12,12,12,12,12,12,12,12,12,12,12
GET,/api/v1/contactservice/contacts/account/5e06e4d1-127a-4738-9cb5-955402781226,1,0,6.909462623298168,6.909462623298168,6.909462623298168,6.909462623298168,38.0,0.0033758027908612266,0.0,7,7,7,7,7,7,7,7,7,7,7
GET,/api/v1/contactservice/contacts/account/5e473dec-84be-4a54-8224-2a1ad32c07b7,3,0,13,16.29690608630578,8.373950608074665,27.391384355723858,150.66666666666666,0.01012740837258368,0.0,13,13,27,27,27,27,27,27,27,27,27
GET,/api/v1/contactservice/contacts/account/5ec95275-98db-47f2-9532-5c64483c0582,1,0,30.785737559199333,30.785737559199333,30.785737559199333,30.785737559199333,38.0,0.0033758027908612266,0.0,31,31,31,31,31,31,31,31,31,31,31
GET,/api/v1/contactservice/contacts/account/5f763bae-cbf6-4657-9524-2df7218a9e64,1,0,51.61098577082157,51.61098577082157,51.61098577082157,51.61098577082157,38.0,0.0033758027908612266,0.0,52,52,52,52,52,52,52,52,52,52,52
GET,/api/v1/contactservice/contacts/account/5fc6afda-ef68-4fbc-89e8-caf5d57b516c,2,0,8.27374029904604,8.7370197288692,8.27374029904604,9.20029915869236,122.5,0.006751605581722453,0.0,9,9,9,9,9,9,9,9,9,9,9
GET,/api/v1/contactservice/contacts/account/603c601d-e0df-4c78-97c9-c8dd6decb6ee,2,0,9,9.124974720180035,8.681094273924828,9.568855166435242,122.5,0.006751605581722453,0.0,10,10,10,10,10,10,10,10,10,10,10
GET,/api/v1/contactservice/contacts/account/6127668e-8879-4242-965a-91c40656a238,1,0,9.465414099395275,9.465414099395275,9.465414099395275,9.465414099395275,38.0,0.0033758027908612266,0.0,9,9,9,9,9,9,9,9,9,9,9
GET,/api/v1/contactservice/contacts/account/6128e374-c762-4d6c-aa12-e6cb1ff3f8b4,3,0,12,11.757943468789259,9.149329736828804,13.759320601820946,150.66666666666666,0.01012740837258368,0.0,12,12,14,14,14,14,14,14,14,14,14
GET,/api/v1/contactservice/contacts/account/61754b8a-8cb9-4b76-b1fd-5363c74e1a8b,2,0,6.499339826405048,17.68270554021001,6.499339826405048,28.86607125401497,122.5,0.006751605581722453,0.0,29,29,29,29,29,29,29,29,29,29,29
GET,/api/v1/contactservice/contacts/account/61d43150-3dbb-428b-8c6b-8ca5038ed8a6,1,0,8.195720613002777,8.195720613002777,8.195720613002777,8.195720613002777,38.0,0.0033758027908612266,0.0,8,8,8,8,8,8,8,8,8,8,8
GET,/api/v1/contactservice/contacts/account/620adfaa-ebf3-4a06-9347-7b19804cf7fe,1,0,11.668493039906025,11.668493039906025,11.668493039906025,11.668493039906025,38.0,0.0033758027908612266,0.0,12,12,12,12,12,12,12,12,12,12,12
GET,/api/v1/contactservice/contacts/account/62506954-8d1b-41be-acee-bb6318e31170,1,0,7.265939377248287,7.265939377248287,7.265939377248287,7.265939377248287,38.0,0.0033758027908612266,0.0,7,7,7,7,7,7,7,7,7,7,7
GET,/api/v1/contactservice/contacts/account/625e8bc1-40c3-4ff5-a306-322d55070667,1,0,9.818869642913342,9.818869642913342,9.818869642913342,9.818869642913342,38.0,0.0033758027908612266,0.0,10,10,10,10,10,10,10,10,10,10,10
GET,/api/v1/contactservice/contacts/account/62aca830-0122-4b37-a46b-fee8a49ee6c2,2,0,7.4788713827729225,11.424636468291283,7.4788713827729225,15.370401553809643,122.5,0.006751605581722453,0.0,15,15,15,15,15,15,15,15,15,15,15
GET,/api/v1/contactservice/contacts/account/63b13e55-b747-458d-9574-67ce7a628cc6,1,0,9.585920721292496,9.585920721292496,9.585920721292496,9.585920721292496,38.0,0.0033758027908612266,0.0,10,10,10,10,10,10,10,10,10,10,10
GET,/api/v1/contactservice/contacts/account/63b1ef72-29f0-438a-abe7-a171b87dc3ec,2,0,20,22.235501557588577,19.98039521276951,24.490607902407646,122.5,0.006751605581722453,0.0,24,24,24,24,24,24,24,24,24,24,24
GET,/api/v1/contactservice/contacts/account/63d466be-8c0d-4ec7-8000-e4ec39c40bed,2,0,9.492776356637478,11.730858124792576,9.492776356637478,13.968939892947674,122.5,0.006751605581722453,0.0,14,14,14,14,14,14,14,14,14,14,14
GET,/api/v1/contactservice/contacts/account/6402aeab-2302-4e1d-9bf0-3aac38366929,2,0,11.476663872599602,18.42286065220833,11.476663872599602,25.369057431817055,122.5,0.006751605581722453,0.0,25,25,25,25,25,25,25,25,25,25,25
GET,/api/v1/contactservice/contacts/account/640f4d63-c7e6-44b5-9253-f8b2f3f7634a,2,0,8.212529122829437,11.436923872679472,8.212529122829437,14.661318622529507,122.5,0.006751605581722453,0.0,15,15,15,15,15,15,15,15,15,15,15
GET,/api/v1/contactservice/contacts/account/6421b010-102c-47e5-8449-68a10f411268,1,0,11.927410960197449,11.927410960197449,11.927410960197449,11.927410960197449,38.0,0.0033758027908612266,0.0,12,12,12,12,12,12,12,12,12,12,12
GET,/api/v1/contactservice/contacts/account/64a62d82-5394-4fc5-bc77-903457086371,2,0,10.358498431742191,10.420164093375206,10.358498431742191,10.48182975500822,122.5,0.006751605581722453,0.0,10,10,10,10,10,10,10,10,10,10,10
GET,/api/v1/contactservice/contacts/account/64c2af0c-4842-4bfb-acff-ea9526f6b1dc,2,0,6.661737337708473,6.626841612160206,6.5919458866119385,6.661737337708473,122.5,0.006751605581722453,0.0,7,7,7,7,7,7,7,7,7,7,7
GET,/api/v1/contactservice/contacts/account/64e581e1-a99d-4bb3-b6c6-07eaab59d362,3,0,10,11.738952870170275,9.453065693378448,16.22806303203106,150.66666666666666,0.01012740837258368,0.0,10,10,16,16,16,16,16,16,16,16,16
GET,/api/v1/contactservice/contacts/account/668a4136-09d4-431a-9dbd-ecd0935bdfeb,1,0,11.939182877540588,11.939182877540588,11.939182877540588,11.939182877540588,38.0,0.0033758027908612266,0.0,12,12,12,12,12,12,12,12,12,12,12
GET,/api/v1/contactservice/contacts/account/66b219f5-d57a-4be4-a9e1-0152747ad1ee,2,0,6.284249946475029,8.771362714469433,6.284249946475029,11.258475482463837,122.5,0.006751605581722453,0.0,11,11,11,11,11,11,11,11,11,11,11
GET,/api/v1/contactservice/contacts/account/66f7f736-ec1a-4f48-9a40-a3836f957ab8,1,0,41.41667950898409,41.41667950898409,41.41667950898409,41.41667950898409,38.0,0.0033758027908612266,0.0,41,41,41,41,41,41,41,41,41,41,41
GET,/api/v1/contactservice/contacts/account/6733951b-a041-49ba-8e7e-144493857203,2,0,8.066285401582718,14.799256343394518,8.066285401582718,21.532227285206318,122.5,0.006751605581722453,0.0,22,22,22,22,22,22,22,22,22,22,22
GET,/api/v1/contactservice/contacts/account/6898eb29-9378-4c34-889c-eca597f28f90,2,0,7.0833684876561165,7.125696167349815,7.0833684876561165,7.168023847043514,122.5,0.006751605581722453,0.0,7,7,7,7,7,7,7,7,7,7,7
GET,/api/v1/contactservice/contacts/account/69361049-8fff-48e9-b1ea-6a9c9283cb89,2,0,12,13.892460148781538,11.685303412377834,16.09961688518524,122.5,0.006751605581722453,0.0,16,16,16,16,16,16,16,16,16,16,16
GET,/api/v1/contactservice/contacts/account/69651d90-41f4-44ae-a5ab-5fca2f77a589,2,0,8.098257705569267,9.99590614810586,8.098257705569267,11.893554590642452,122.5,0.006751605581722453,0.0,12,12,12,12,12,12,12,12,12,12,12
GET,/api/v1/contactservice/contacts/account/696b80c6-ead0-452c-89a4-b6b0cee2dae7,2,0,7,8.465901482850313,6.845605559647083,10.086197406053543,122.5,0.006751605581722453,0.0,10,10,10,10,10,10,10,10,10,10,10
GET,/api/v1/contactservice/contacts/account/69c6044c-26d0-460c-802c-eb9b1bc05500,3,0,6.238703615963459,14.84980589399735,6.238703615963459,32.04635716974735,150.66666666666666,0.01012740837258368,0.0,6,6,32,32,32,32,32,32,32,32,32
GET,/api/v1/contactservice/contacts/account/69c66605-d890-4696-9e32-22a86142ab7a,1,0,8.591940626502037,8.591940626502037,8.591940626502037,8.591940626502037,38.0,0.0033758027908612266,0.0,9,9,9,9,9,9,9,9,9,9,9
GET,/api/v1/contactservice/contacts/account/6c3eac31-957b-43e2-b509-b293b236b382,2,0,9.399104863405228,9.42038418725133,9.399104863405228,9.441663511097431,122.5,0.006751605581722453,0.0,9,9,9,9,9,9,9,9,9,9,9
GET,/api/v1/contactservice/contacts/account/6c708ec2-81de-4170-b656-6d9c02c63b12,3,0,9,10.791339911520481,8.505330421030521,14.370712451636791,150.66666666666666,0.01012740837258368,0.0,9,9,14,14,14,14,14,14,14,14,14
GET,/api/v1/contactservice/contacts/account/6dcf1794-0ef3-4dc6-a1aa-8ef6a8c460f9,1,0,10.595638304948807,10.595638304948807,10.595638304948807,10.595638304948807,38.0,0.0033758027908612266,0.0,11,11,11,11,11,11,11,11,11,11,11
GET,/api/v1/contactservice/contacts/account/6df7759c-4113-4a6f-b77f-8446600b9180,1,0,21.346568129956722,21.346568129956722,21.346568129956722,21.346568129956722,38.0,0.0033758027908612266,0.0,21,21,21,21,21,21,21,21,21,21,21
GET,/api/v1/contactservice/contacts/account/6dff79f5-e2ce-4827-896c-69330b3d9853,2,0,6.103820167481899,7.893530186265707,6.103820167481899,9.683240205049515,122.5,0.006751605581722453,0.0,10,10,10,10,10,10,10,10,10,10,10
GET,/api/v1/contactservice/contacts/account/6e7394af-729f-4a8a-ab89-54ed11e3eb45,1,0,8.81672091782093,8.81672091782093,8.81672091782093,8.81672091782093,38.0,0.0033758027908612266,0.0,9,9,9,9,9,9,9,9,9,9,9
GET,/api/v1/contactservice/contacts/account/6eb2c124-4b0d-442a-a916-3bb1a39b9119,2,0,10,13.259256724268198,9.911792352795601,16.606721095740795,122.5,0.006751605581722453,0.0,17,17,17,17,17,17,17,17,17,17,17
GET,/api/v1/contactservice/contacts/account/702af7da-9976-4a4a-8e37-e62e0e4a69e2,2,0,12,18.17712001502514,11.517414823174477,24.8368252068758,122.5,0.006751605581722453,0.0,25,25,25,25,25,25,25,25,25,25,25
GET,/api/v1/contactservice/contacts/account/70f7af64-1c15-47f9-93ff-b7005d2e81ea,1,0,15.979909338057041,15.979909338057041,15.979909338057041,15.979909338057041,38.0,0.0033758027908612266,0.0,16,16,16,16,16,16,16,16,16,16,16
GET,/api/v1/contactservice/contacts/account/71017a82-aa7a-4c7c-90e8-79b1284869e0,5,0,9,9.346638806164265,5.560588091611862,16.17114618420601,173.2,0.016879013954306132,0.0,9,9,9,16,16,16,16,16,16,16,16
GET,/api/v1/contactservice/contacts/account/7127c35c-831c-4bad-b8fb-344472d73679,1,0,11.541109532117844,11.541109532117844,11.541109532117844,11.541109532117844,38.0,0.0033758027908612266,0.0,12,12,12,12,12,12,12,12,12,12,12
GET,/api/v1/contactservice/contacts/account/7178422f-8d23-4096-a3e9-a2cb03126abc,1,0,6.616272032260895,6.616272032260895,6.616272032260895,6.616272032260895,38.0,0.0033758027908612266,0.0,7,7,7,7,7,7,7,7,7,7,7
GET,/api/v1/contactservice/contacts/account/71997a83-f06d-4462-9301-10f0325c4017,2,0,7.2291456162929535,7.848466746509075,7.2291456162929535,8.467787876725197,122.5,0.006751605581722453,0.0,8,8,8,8,8,8,8,8,8,8,8
GET,/api/v1/contactservice/contacts/account/71e0f8b3-715f-49e8-89b3-50ce81add98d,2,0,9.017274715006351,19.418809562921524,9.017274715006351,29.820344410836697,122.5,0.006751605581722453,0.0,30,30,30,30,30,30,30,30,30,30,30
GET,/api/v1/contactservice/contacts/account/72267b51-53cf-460e-a8b5-27e81067ec29,2,0,9,18.306580372154713,8.87351669371128,27.739644050598145,122.5,0.006751605581722453,0.0,28,28,28,28,28,28,28,28,28,28,28
GET,/api/v1/contactservice/contacts/account/72a5ea47-1075-44ee-86b8-bb97e0460129,2,0,9.205467067658901,15.867753885686398,9.205467067658901,22.530040703713894,122.5,0.006751605581722453,0.0,23,23,23,23,23,23,23,23,23,23,23
GET,/api/v1/contactservice/contacts/account/72e7c425-e7cb-4a27-a5ca-f37641973165,1,0,22.54959288984537,22.54959288984537,22.54959288984537,22.54959288984537,38.0,0.0033758027908612266,0.0,23,23,23,23,23,23,23,23,23,23,23
GET,/api/v1/contactservice/contacts/account/734aa4d1-3ff3-4114-b724-db184cec8eb6,1,0,14.87080380320549,14.87080380320549,14.87080380320549,14.87080380320549,38.0,0.0033758027908612266,0.0,15,15,15,15,15,15,15,15,15,15,15
GET,/api/v1/contactservice/contacts/account/73803397-6b42-484f-b7c4-8a8542b99736,2,0,7.224000990390778,9.37751680612564,7.224000990390778,11.531032621860504,122.5,0.006751605581722453,0.0,12,12,12,12,12,12,12,12,12,12,12
GET,/api/v1/contactservice/contacts/account/73870cf7-5b1f-4bf2-a189-b40ae926947e,1,0,17.184866592288017,17.184866592288017,17.184866592288017,17.184866592288017,38.0,0.0033758027908612266,0.0,17,17,17,17,17,17,17,17,17,17,17
GET,/api/v1/contactservice/contacts/account/742dab1a-bee5-49a0-80c2-83f4ab3b1d0b,2,0,8,38.21695828810334,7.6671503484249115,68.76676622778177,122.5,0.006751605581722453,0.0,69,69,69,69,69,69,69,69,69,69,69
GET,/api/v1/contactservice/contacts/account/747bdaf1-859c-4549-9a71-73c1819d4b5f,1,0,12.885995209217072,12.885995209217072,12.885995209217072,12.885995209217072,38.0,0.0033758027908612266,0.0,13,13,13,13,13,13,13,13,13,13,13
GET,/api/v1/contactservice/contacts/account/749d9cab-8d68-4d4c-afe2-9fe52c200afd,2,0,10.968314483761787,10.814720764756203,10.661127045750618,10.968314483761787,122.5,0.006751605581722453,0.0,11,11,11,11,11,11,11,11,11,11,11
GET,/api/v1/contactservice/contacts/account/74df9d94-8c57-462e-92c4-ba01783a08cb,1,0,5.982874892652035,5.982874892652035,5.982874892652035,5.982874892652035,38.0,0.0033758027908612266,0.0,6,6,6,6,6,6,6,6,6,6,6
GET,/api/v1/contactservice/contacts/account/754753c8-0f03-458a-99c2-e4fa8a1f0fff,1,0,6.595040671527386,6.595040671527386,6.595040671527386,6.595040671527386,38.0,0.0033758027908612266,0.0,7,7,7,7,7,7,7,7,7,7,7
GET,/api/v1/contactservice/contacts/account/75603900-d418-4083-9a05-da7f014b1692,1,0,16.840851865708828,16.840851865708828,16.840851865708828,16.840851865708828,38.0,0.0033758027908612266,0.0,17,17,17,17,17,17,17,17,17,17,17
GET,/api/v1/contactservice/contacts/account/7585e000-26f9-4ede-a5d2-3abe7ba0f5ef,1,0,8.12053307890892,8.12053307890892,8.12053307890892,8.12053307890892,38.0,0.0033758027908612266,0.0,8,8,8,8,8,8,8,8,8,8,8
GET,/api/v1/contactservice/contacts/account/75965cf8-295a-4171-8a72-4be8be2f69da,2,0,6,7.792221382260323,5.549733527004719,10.034709237515926,122.5,0.006751605581722453,0.0,10,10,10,10,10,10,10,10,10,10,10
GET,/api/v1/contactservice/contacts/account/759f482e-3637-4e5c-b8f5-3ea4d56d7ed9,2,0,6.065549328923225,7.314628921449184,6.065549328923225,8.563708513975143,122.5,0.006751605581722453,0.0,9,9,9,9,9,9,9,9,9,9,9
GET,/api/v1/contactservice/contacts/account/75b8fbec-b96e-4b42-aa9e-aa9e47489211,1,0,12.761639431118965,12.761639431118965,12.761639431118965,12.761639431118965,38.0,0.0033758027908612266,0.0,13,13,13,13,13,13,13,13,13,13,13
GET,/api/v1/contactservice/contacts/account/7662b6aa-a305-416d-bc91-5f57480f4624,1,0,12.361248955130577,12.361248955130577,12.361248955130577,12.361248955130577,38.0,0.0033758027908612266,0.0,12,12,12,12,12,12,12,12,12,12,12
GET,/api/v1/contactservice/contacts/account/76dc4ded-6935-4df4-96fb-b2793ca1e383,2,0,9,17.787962686270475,8.970172144472599,26.60575322806835,122.5,0.006751605581722453,0.0,27,27,27,27,27,27,27,27,27,27,27
GET,/api/v1/contactservice/contacts/account/76ee4369-e944-458f-9e00-1d74b4337e38,1,0,13.16742692142725,13.16742692142725,13.16742692142725,13.16742692142725,38.0,0.0033758027908612266,0.0,13,13,13,13,13,13,13,13,13,13,13
GET,/api/v1/contactservice/contacts/account/77b8b51b-5308-445a-befe-929ceedc52b7,2,0,9.07453428953886,11.303003411740065,9.07453428953886,13.531472533941269,122.5,0.006751605581722453,0.0,14,14,14,14,14,14,14,14,14,14,14
GET,/api/v1/contactservice/contacts/account/787cd787-1f5b-4417-bf88-7f1f81e31ed1,2,0,12,15.1816769503057,11.757035739719868,18.606318160891533,122.5,0.006751605581722453,0.0,19,19,19,19,19,19,19,19,19,19,19
GET,/api/v1/contactservice/contacts/account/789dcc1f-d3b6-4e2d-835b-cbc9f0cf73fa,1,0,14.329701662063599,14.329701662063599,14.329701662063599,14.329701662063599,38.0,0.0033758027908612266,0.0,14,14,14,14,14,14,14,14,14,14,14
GET,/api/v1/contactservice/contacts/account/78d1bdff-1a6c-48e3-95c3-944b80b6e892,1,0,42.998009361326694,42.998009361326694,42.998009361326694,42.998009361326694,38.0,0.0033758027908612266,0.0,43,43,43,43,43,43,43,43,43,43,43
GET,/api/v1/contactservice/contacts/account/78e31d0d-9051-42d2-aeed-26d2b9decb55,2,0,13.295315206050873,69.6578873321414,13.295315206050873,126.02045945823193,122.5,0.006751605581722453,0.0,130,130,130,130,130,130,130,130,130,130,130
GET,/api/v1/contactservice/contacts/account/7902c639-3721-4eaa-936b-a0d8052b6071,1,0,7.239649072289467,7.239649072289467,7.239649072289467,7.239649072289467,38.0,0.0033758027908612266,0.0,7,7,7,7,7,7,7,7,7,7,7
GET,/api/v1/contactservice/contacts/account/798bb4a4-f08a-4a4c-8bed-9869a4626e44,2,0,19,22.6462259888649,18.82494054734707,26.46751143038273,122.5,0.006751605581722453,0.0,26,26,26,26,26,26,26,26,26,26,26
GET,/api/v1/contactservice/contacts/account/7aa2fe37-1747-4cca-ac3d-ee99151a1343,1,0,7.879883050918579,7.879883050918579,7.879883050918579,7.879883050918579,38.0,0.0033758027908612266,0.0,8,8,8,8,8,8,8,8,8,8,8
GET,/api/v1/contactservice/contacts/account/7ab1a60f-0497-439c-b772-5061cb9869a5,2,0,9.377756156027317,43.94371062517166,9.377756156027317,78.509665094316,122.5,0.006751605581722453,0.0,79,79,79,79,79,79,79,79,79,79,79
GET,/api/v1/contactservice/contacts/account/7ad397dd-b19e-4dd8-ba37-161f203aa0fc,1,0,7.763043977320194,7.763043977320194,7.763043977320194,7.763043977320194,38.0,0.0033758027908612266,0.0,8,8,8,8,8,8,8,8,8,8,8
GET,/api/v1/contactservice/contacts/account/7ad4c43f-e67e-4165-b185-4ebe9a258e2d,3,0,24,21.542413470645744,6.783929653465748,34.185740165412426,150.66666666666666,0.01012740837258368,0.0,24,24,34,34,34,34,34,34,34,34,34
GET,/api/v1/contactservice/contacts/account/7bd33444-9089-4749-8d0f-8e2f997c25b8,1,0,7.604931481182575,7.604931481182575,7.604931481182575,7.604931481182575,38.0,0.0033758027908612266,0.0,8,8,8,8,8,8,8,8,8,8,8
GET,/api/v1/contactservice/contacts/account/7d245c98-6351-44b6-9163-561d968bd811,1,0,21.443117409944534,21.443117409944534,21.443117409944534,21.443117409944534,38.0,0.0033758027908612266,0.0,21,21,21,21,21,21,21,21,21,21,21
GET,/api/v1/contactservice/contacts/account/7d30fe8d-8bf1-4ec2-85e9-9f6d8f319925,1,0,7.667848840355873,7.667848840355873,7.667848840355873,7.667848840355873,38.0,0.0033758027908612266,0.0,8,8,8,8,8,8,8,8,8,8,8
GET,/api/v1/contactservice/contacts/account/7db88e39-a69e-4525-a9f1-f525bd22f892,1,0,5.404855124652386,5.404855124652386,5.404855124652386,5.404855124652386,38.0,0.0033758027908612266,0.0,5,5,5,5,5,5,5,5,5,5,5
GET,/api/v1/contactservice/contacts/account/7de64c84-97dd-4647-a472-b2fb5aa62b39,1,0,8.026235736906528,8.026235736906528,8.026235736906528,8.026235736906528,38.0,0.0033758027908612266,0.0,8,8,8,8,8,8,8,8,8,8,8
GET,/api/v1/contactservice/contacts/account/7e35a14d-f14f-4f78-aced-5251f0635e1f,1,0,6.953621283173561,6.953621283173561,6.953621283173561,6.953621283173561,38.0,0.0033758027908612266,0.0,7,7,7,7,7,7,7,7,7,7,7
GET,/api/v1/contactservice/contacts/account/7e3e10f9-03ca-4c1d-85ed-d3dedd3d487e,1,0,7.174461148679256,7.174461148679256,7.174461148679256,7.174461148679256,38.0,0.0033758027908612266,0.0,7,7,7,7,7,7,7,7,7,7,7
GET,/api/v1/contactservice/contacts/account/7e5722a4-7c26-4d98-85cb-9b89e9902eee,2,0,9.41863190382719,13.363680802285671,9.41863190382719,17.308729700744152,122.5,0.006751605581722453,0.0,17,17,17,17,17,17,17,17,17,17,17
GET,/api/v1/contactservice/contacts/account/7e7e2bd1-d713-4119-b310-09e1d6ad2e8f,2,0,8.495007641613483,10.652114171534777,8.495007641613483,12.80922070145607,122.5,0.006751605581722453,0.0,13,13,13,13,13,13,13,13,13,13,13
GET,/api/v1/contactservice/contacts/account/7e8e89a8-986a-490e-ab0e-30f7eada9fdf,2,0,10.351329110562801,10.816976893693209,10.351329110562801,11.282624676823616,122.5,0.006751605581722453,0.0,11,11,11,11,11,11,11,11,11,11,11
GET,/api/v1/contactservice/contacts/account/7eb904f7-1624-4c82-9575-3daee6a31e36,2,0,6.479211151599884,6.874653045088053,6.479211151599884,7.2700949385762215,122.5,0.006751605581722453,0.0,7,7,7,7,7,7,7,7,7,7,7
GET,/api/v1/contactservice/contacts/account/7f094399-6902-4968-88e0-abd127b67a86,2,0,7,13.325329404324293,6.887291558086872,19.763367250561714,122.5,0.006751605581722453,0.0,20,20,20,20,20,20,20,20,20,20,20
GET,/api/v1/contactservice/contacts/account/7f56eaf1-8a67-4898-92b6-381f64bbb7d6,1,0,9.494476951658726,9.494476951658726,9.494476951658726,9.494476951658726,38.0,0.0033758027908612266,0.0,9,9,9,9,9,9,9,9,9,9,9
GET,/api/v1/contactservice/contacts/account/7fbd0daa-7e35-4dae-a871-2d7c65842353,1,0,6.936334073543549,6.936334073543549,6.936334073543549,6.936334073543549,38.0,0.0033758027908612266,0.0,7,7,7,7,7,7,7,7,7,7,7
GET,/api/v1/contactservice/contacts/account/803c9a03-139b-4184-8cf0-7e05d97e4b8f,1,0,6.2295254319906235,6.2295254319906235,6.2295254319906235,6.2295254319906235,38.0,0.0033758027908612266,0.0,6,6,6,6,6,6,6,6,6,6,6
GET,/api/v1/contactservice/contacts/account/806fa1dd-ab2e-4d07-98f2-f9c3a78403da,2,0,6,7.0977467112243176,5.573916248977184,8.62157717347145,122.5,0.006751605581722453,0.0,9,9,9,9,9,9,9,9,9,9,9
GET,/api/v1/contactservice/contacts/account/80b8b525-091a-47b8-b211-05c1382b3913,3,0,9,8.471917981902758,5.90997189283371,10.96445694565773,150.66666666666666,0.01012740837258368,0.0,9,9,11,11,11,11,11,11,11,11,11
GET,/api/v1/contactservice/contacts/account/80f8f9b3-d11a-4018-b43d-ec84be564239,1,0,39.524863474071026,39.524863474071026,39.524863474071026,39.524863474071026,38.0,0.0033758027908612266,0.0,40,40,40,40,40,40,40,40,40,40,40
GET,/api/v1/contactservice/contacts/account/811ab799-a758-4bd3-9cb5-e570ff1bd58f,1,0,13.53870052844286,13.53870052844286,13.53870052844286,13.53870052844286,38.0,0.0033758027908612266,0.0,14,14,14,14,14,14,14,14,14,14,14
GET,/api/v1/contactservice/contacts/account/82ead702-969b-4c2f-8a23-a2cdd9fbe4b1,2,0,9,16.908506397157907,8.79098940640688,25.026023387908936,122.5,0.006751605581722453,0.0,25,25,25,25,25,25,25,25,25,25,25
GET,/api/v1/contactservice/contacts/account/82ff7531-0374-4d74-896f-f4ffd2751f9f,1,0,6.131607107818127,6.131607107818127,6.131607107818127,6.131607107818127,38.0,0.0033758027908612266,0.0,6,6,6,6,6,6,6,6,6,6,6
GET,/api/v1/contactservice/contacts/account/83205e41-ec42-4592-a943-19d0b9f88fef,1,0,8.128756657242775,8.128756657242775,8.128756657242775,8.128756657242775,38.0,0.0033758027908612266,0.0,8,8,8,8,8,8,8,8,8,8,8
GET,/api/v1/contactservice/contacts/account/832d2055-2f29-40ac-9a31-58e9137bdc11,1,0,13.89231625944376,13.89231625944376,13.89231625944376,13.89231625944376,38.0,0.0033758027908612266,0.0,14,14,14,14,14,14,14,14,14,14,14
GET,/api/v1/contactservice/contacts/account/8345ff70-6144-48eb-8664-936da7d8ddd4,4,0,11,11.374861933290958,6.351184099912643,17.398064956068993,164.75,0.013503211163444906,0.0,11,11,17,17,17,17,17,17,17,17,17
GET,/api/v1/contactservice/contacts/account/8429efd2-2f83-4bff-9a0b-2246a5bd5086,1,0,6.597496569156647,6.597496569156647,6.597496569156647,6.597496569156647,38.0,0.0033758027908612266,0.0,7,7,7,7,7,7,7,7,7,7,7
GET,/api/v1/contactservice/contacts/account/8538ec64-310e-4371-8e5d-d379ce90463d,3,0,11,10.316743204991022,7.132288999855518,12.994755059480667,150.66666666666666,0.01012740837258368,0.0,11,11,13,13,13,13,13,13,13,13,13
GET,/api/v1/contactservice/contacts/account/8596c1d6-4099-49ff-b629-fd3d2b257fe1,1,0,6.858731620013714,6.858731620013714,6.858731620013714,6.858731620013714,38.0,0.0033758027908612266,0.0,7,7,7,7,7,7,7,7,7,7,7
GET,/api/v1/contactservice/contacts/account/8643c30a-b99e-4406-be1c-1bef9c74bba4,1,0,8.848074823617935,8.848074823617935,8.848074823617935,8.848074823617935,38.0,0.0033758027908612266,0.0,9,9,9,9,9,9,9,9,9,9,9
GET,/api/v1/contactservice/contacts/account/8790d1d2-bee9-4e4e-8038-240ea4867529,1,0,29.215321876108646,29.215321876108646,29.215321876108646,29.215321876108646,38.0,0.0033758027908612266,0.0,29,29,29,29,29,29,29,29,29,29,29
GET,/api/v1/contactservice/contacts/account/87b79df5-7d12-49d9-a598-4126a9896a88,3,0,21,24.120451882481575,8.558712899684906,42.92079247534275,150.66666666666666,0.01012740837258368,0.0,21,21,43,43,43,43,43,43,43,43,43
GET,/api/v1/contactservice/contacts/account/87b7dd82-cfab-4050-be35-cdeb2a123c61,2,0,8,19.25822999328375,7.973614148795605,30.542845837771893,122.5,0.006751605581722453,0.0,31,31,31,31,31,31,31,31,31,31,31
GET,/api/v1/contactservice/contacts/account/87d720b2-96f8-48c6-9316-f3014b2523e3,1,0,16.126981005072594,16.126981005072594,16.126981005072594,16.126981005072594,38.0,0.0033758027908612266,0.0,16,16,16,16,16,16,16,16,16,16,16
GET,/api/v1/contactservice/contacts/account/87ddd82d-1d36-4a59-b012-db1a41b4f675,2,0,9,11.388500686734915,8.575087413191795,14.201913960278034,122.5,0.006751605581722453,0.0,14,14,14,14,14,14,14,14,14,14,14
GET,/api/v1/contactservice/contacts/account/890fc2fc-bf42-4f5e-adc4-eec325c76211,1,0,6.818855181336403,6.818855181336403,6.818855181336403,6.818855181336403,38.0,0.0033758027908612266,0.0,7,7,7,7,7,7,7,7,7,7,7
GET,/api/v1/contactservice/contacts/account/89259007-1c01-45c8-b75e-eed165e180de,4,0,24,27.30842074379325,14.639150351285934,42.62594785541296,164.75,0.013503211163444906,0.0,28,28,43,43,43,43,43,43,43,43,43
GET,/api/v1/contactservice/contacts/account/89fd81db-1dc5-4438-96ed-f4e29cf8e879,2,0,7,15.330171212553978,6.613904610276222,24.046437814831734,122.5,0.006751605581722453,0.0,24,24,24,24,24,24,24,24,24,24,24
GET,/api/v1/contactservice/contacts/account/8a4e22c3-b58d-4be9-861b-ebdd5c261d8a,1,0,8.31327959895134,8.31327959895134,8.31327959895134,8.31327959895134,38.0,0.0033758027908612266,0.0,8,8,8,8,8,8,8,8,8,8,8
GET,/api/v1/contactservice/contacts/account/8a9ec913-11f2-46c4-ac35-4971c6c6ac23,2,0,6.3866982236504555,13.28862551599741,6.3866982236504555,20.190552808344364,122.5,0.006751605581722453,0.0,20,20,20,20,20,20,20,20,20,20,20
GET,/api/v1/contactservice/contacts/account/8b3f4cba-6807-45f7-b34b-c4bdc0c520fd,3,0,8,8.686559895674387,7.4821654707193375,10.55900938808918,150.66666666666666,0.01012740837258368,0.0,8,8,11,11,11,11,11,11,11,11,11
GET,/api/v1/contactservice/contacts/account/8bbc068d-e5b4-4637-9407-9221050d1983,1,0,29.29115667939186,29.29115667939186,29.29115667939186,29.29115667939186,38.0,0.0033758027908612266,0.0,29,29,29,29,29,29,29,29,29,29,29
GET,/api/v1/contactservice/contacts/account/8c15e06f-66d0-412f-b8bc-30f56a3fe495,1,0,10.193027555942535,10.193027555942535,10.193027555942535,10.193027555942535,38.0,0.0033758027908612266,0.0,10,10,10,10,10,10,10,10,10,10,10
GET,/api/v1/contactservice/contacts/account/8c8e4865-b8e5-42ea-b535-ebc7e4ce393c,2,0,10.33562608063221,11.04830577969551,10.33562608063221,11.760985478758812,122.5,0.006751605581722453,0.0,12,12,12,12,12,12,12,12,12,12,12
GET,/api/v1/contactservice/contacts/account/8cd41bf0-4dd5-4b01-bd2c-f5b1b3f98e3e,2,0,6.355602294206619,17.999458592385054,6.355602294206619,29.643314890563488,122.5,0.006751605581722453,0.0,30,30,30,30,30,30,30,30,30,30,30
GET,/api/v1/contactservice/contacts/account/8ce7ae37-536b-47c8-b993-4ab86ea78514,2,0,6,8.004591800272465,5.931911990046501,10.077271610498428,122.5,0.006751605581722453,0.0,10,10,10,10,10,10,10,10,10,10,10
GET,/api/v1/contactservice/contacts/account/8d21b474-0950-4a0f-9991-2c1d57cfc0c5,1,0,6.774664856493473,6.774664856493473,6.774664856493473,6.774664856493473,38.0,0.0033758027908612266,0.0,7,7,7,7,7,7,7,7,7,7,7
GET,/api/v1/contactservice/contacts/account/8db7a8df-5dea-49f6-9e20-9b2226eef7b6,3,0,12,11.58080343157053,10.10506134480238,12.601833790540695,150.66666666666666,0.01012740837258368,0.0,12,12,13,13,13,13,13,13,13,13,13
GET,/api/v1/contactservice/contacts/account/8e20d580-dd22-4ec9-903b-9419c519eb79,1,0,18.799790181219578,18.799790181219578,18.799790181219578,18.799790181219578,38.0,0.0033758027908612266,0.0,19,19,19,19,19,19,19,19,19,19,19
GET,/api/v1/contactservice/contacts/account/8e9b9c9e-4ca3-4c28-99dd-5fbc418cd522,1,0,8.16695112735033,8.16695112735033,8.16695112735033,8.16695112735033,38.0,0.0033758027908612266,0.0,8,8,8,8,8,8,8,8,8,8,8
GET,/api/v1/contactservice/contacts/account/8e9f6db7-b77c-45bc-96ab-38b108ed7462,1,0,10.607711039483547,10.607711039483547,10.607711039483547,10.607711039483547,38.0,0.0033758027908612266,0.0,11,11,11,11,11,11,11,11,11,11,11
GET,/api/v1/contactservice/contacts/account/8f014727-040d-44b0-b455-71386cd90fb1,1,0,10.26221551001072,10.26221551001072,10.26221551001072,10.26221551001072,38.0,0.0033758027908612266,0.0,10,10,10,10,10,10,10,10,10,10,10
GET,/api/v1/contactservice/contacts/account/8f4d8f65-55f9-4cdb-8d03-2da8db7dbb99,3,0,8,8.943017572164536,7.506607100367546,11.58482301980257,150.66666666666666,0.01012740837258368,0.0,8,8,12,12,12,12,12,12,12,12,12
GET,/api/v1/contactservice/contacts/account/8fa36f39-e135-424d-bb74-16c210650d26,3,0,8,39.072501162687935,5.972406826913357,102.9250267893076,150.66666666666666,0.01012740837258368,0.0,8,8,100,100,100,100,100,100,100,100,100
GET,/api/v1/contactservice/contacts/account/902a2455-756d-4e89-83a2-56d0fdaa6da6,2,0,11,19.71253613010049,10.52373368293047,28.901338577270508,122.5,0.006751605581722453,0.0,29,29,29,29,29,29,29,29,29,29,29
GET,/api/v1/contactservice/contacts/account/90df5d4e-6f79-47b2-8b68-33316255ad8e,2,0,7.468275725841522,16.337675508111715,7.468275725841522,25.20707529038191,122.5,0.006751605581722453,0.0,25,25,25,25,25,25,25,25,25,25,25
GET,/api/v1/contactservice/contacts/account/90e020c5-d541-4f61-8270-7b83ad09a48a,2,0,13.053886592388153,29.496291652321815,13.053886592388153,45.93869671225548,122.5,0.006751605581722453,0.0,46,46,46,46,46,46,46,46,46,46,46
GET,/api/v1/contactservice/contacts/account/91920b47-5e39-4bd8-9538-80fbfcdd7085,2,0,21,28.251806739717722,20.82523237913847,35.678381100296974,122.5,0.006751605581722453,0.0,36,36,36,36,36,36,36,36,36,36,36
GET,/api/v1/contactservice/contacts/account/91c5219f-7822-462f-9177-2de40c338d75,2,0,6,14.144757762551308,5.738856270909309,22.550659254193306,122.5,0.006751605581722453,0.0,23,23,23,23,23,23,23,23,23,23,23
GET,/api/v1/contactservice/contacts/account/92731e94-a052-4aee-95b6-096675333e36,1,0,11.437068693339825,11.437068693339825,11.437068693339825,11.437068693339825,38.0,0.0033758027908612266,0.0,11,11,11,11,11,11,11,11,11,11,11
GET,/api/v1/contactservice/contacts/account/92ce6280-873b-495a-9734-b51c7d60433e,1,0,32.69477002322674,32.69477002322674,32.69477002322674,32.69477002322674,38.0,0.0033758027908612266,0.0,33,33,33,33,33,33,33,33,33,33,33
GET,/api/v1/contactservice/contacts/account/934b72c6-d0b9-4e44-a710-7b8681ebbd0a,1,0,12.229925021529198,12.229925021529198,12.229925021529198,12.229925021529198,38.0,0.0033758027908612266,0.0,12,12,12,12,12,12,12,12,12,12,12
GET,/api/v1/contactservice/contacts/account/93d067da-7d0b-40e2-a490-99045b60f546,1,0,41.02502763271332,41.02502763271332,41.02502763271332,41.02502763271332,38.0,0.0033758027908612266,0.0,41,41,41,41,41,41,41,41,41,41,41
GET,/api/v1/contactservice/contacts/account/9470c101-a9ce-4f64-ab6a-8e8dbaa2a7c0,1,0,74.85700584948063,74.85700584948063,74.85700584948063,74.85700584948063,38.0,0.0033758027908612266,0.0,75,75,75,75,75,75,75,75,75,75,75
GET,/api/v1/contactservice/contacts/account/959ef398-e440-45a2-810e-befd756a857b,1,0,99.19119160622358,99.19119160622358,99.19119160622358,99.19119160622358,38.0,0.0033758027908612266,0.0,99,99,99,99,99,99,99,99,99,99,99
GET,/api/v1/contactservice/contacts/account/961d14de-5420-4b5a-9fd5-76d4e30f3d40,1,0,16.28467906266451,16.28467906266451,16.28467906266451,16.28467906266451,38.0,0.0033758027908612266,0.0,16,16,16,16,16,16,16,16,16,16,16
GET,/api/v1/contactservice/contacts/account/968231ff-47c2-4ec2-8a37-552d0a77f2d0,4,0,8,15.74319414794445,7.593028247356415,38.64327538758516,164.75,0.013503211163444906,0.0,9,9,39,39,39,39,39,39,39,39,39
GET,/api/v1/contactservice/contacts/account/973fca42-d77d-49c5-ae8f-e8fca31f3727,1,0,17.30133965611458,17.30133965611458,17.30133965611458,17.30133965611458,38.0,0.0033758027908612266,0.0,17,17,17,17,17,17,17,17,17,17,17
GET,/api/v1/contactservice/contacts/account/974a3325-1d8b-4afe-8da7-2a1fdead58cb,2,0,10.228953324258327,13.89411836862564,10.228953324258327,17.559283412992954,122.5,0.006751605581722453,0.0,18,18,18,18,18,18,18,18,18,18,18
GET,/api/v1/contactservice/contacts/account/97574f10-9023-4687-b71e-736f7f6bd91c,1,0,7.66863115131855,7.66863115131855,7.66863115131855,7.66863115131855,38.0,0.0033758027908612266,0.0,8,8,8,8,8,8,8,8,8,8,8
GET,/api/v1/contactservice/contacts/account/983f49a5-76b6-4906-bae1-cd1929528b5c,1,0,8.705449290573597,8.705449290573597,8.705449290573597,8.705449290573597,38.0,0.0033758027908612266,0.0,9,9,9,9,9,9,9,9,9,9,9
GET,/api/v1/contactservice/contacts/account/9890e624-1ef3-41ca-a6ed-e2108dc8aa58,2,0,9,10.652616154402494,8.6789196357131,12.626312673091888,122.5,0.006751605581722453,0.0,13,13,13,13,13,13,13,13,13,13,13
GET,/api/v1/contactservice/contacts/account/98940d9b-bdbe-4b91-9e74-3b214fcc4402,3,0,18,18.515520729124546,16.538490541279316,21.29703387618065,150.66666666666666,0.01012740837258368,0.0,18,18,21,21,21,21,21,21,21,21,21
GET,/api/v1/contactservice/contacts/account/994a33a3-4965-4833-b8cc-a6b2d8e2be95,1,0,9.82654094696045,9.82654094696045,9.82654094696045,9.82654094696045,38.0,0.0033758027908612266,0.0,10,10,10,10,10,10,10,10,10,10,10
GET,/api/v1/contactservice/contacts/account/997b37e5-1c90-4e29-b8d3-7967c509739f,2,0,8,8.99967411532998,7.840351201593876,10.158997029066086,122.5,0.006751605581722453,0.0,10,10,10,10,10,10,10,10,10,10,10
GET,/api/v1/contactservice/contacts/account/998c5aed-decb-4c52-ae59-17befb9bb70d,2,0,12.066798284649849,12.879908550530672,12.066798284649849,13.693018816411495,122.5,0.006751605581722453,0.0,14,14,14,14,14,14,14,14,14,14,14
GET,/api/v1/contactservice/contacts/account/9a97d711-85d6-4d1e-bde4-f1c8046a9e63,2,0,7.301694713532925,12.94141635298729,7.301694713532925,18.581137992441654,122.5,0.006751605581722453,0.0,19,19,19,19,19,19,19,19,19,19,19
GET,/api/v1/contactservice/contacts/account/9ad29625-fef8-482a-9687-22e87a6b07b2,1,0,11.33985910564661,11.33985910564661,11.33985910564661,11.33985910564661,38.0,0.0033758027908612266,0.0,11,11,11,11,11,11,11,11,11,11,11
GET,/api/v1/contactservice/contacts/account/9b43c859-ba1e-48ff-aae7-8b699aa416a6,2,0,6.1844754964113235,11.631152592599392,6.1844754964113235,17.07782968878746,122.5,0.006751605581722453,0.0,17,17,17,17,17,17,17,17,17,17,17
GET,/api/v1/contactservice/contacts/account/9b9f64cd-e4bd-4216-8333-0f0b93ddbd36,1,0,9.369298815727234,9.369298815727234,9.369298815727234,9.369298815727234,38.0,0.0033758027908612266,0.0,9,9,9,9,9,9,9,9,9,9,9
GET,/api/v1/contactservice/contacts/account/9ba7fb47-1d56-485c-8d7e-3ea7d855ebde,1,0,19.589664414525032,19.589664414525032,19.589664414525032,19.589664414525032,38.0,0.0033758027908612266,0.0,20,20,20,20,20,20,20,20,20,20,20
GET,/api/v1/contactservice/contacts/account/9bafd75b-36b9-4028-9cde-621245a597b3,1,0,9.064055979251862,9.064055979251862,9.064055979251862,9.064055979251862,38.0,0.0033758027908612266,0.0,9,9,9,9,9,9,9,9,9,9,9
GET,/api/v1/contactservice/contacts/account/9bfe74c2-b60e-4ebc-9a5c-48629952eaf6,2,0,7.464533671736717,31.55101602897048,7.464533671736717,55.63749838620424,122.5,0.006751605581722453,0.0,56,56,56,56,56,56,56,56,56,56,56
GET,/api/v1/contactservice/contacts/account/9c2a9361-44db-42ac-b063-15aec2d526ae,1,0,6.7724864929914474,6.7724864929914474,6.7724864929914474,6.7724864929914474,38.0,0.0033758027908612266,0.0,7,7,7,7,7,7,7,7,7,7,7
GET,/api/v1/contactservice/contacts/account/9c389d3e-175e-42cc-b75f-e0d5810c369d,1,0,5.67991379648447,5.67991379648447,5.67991379648447,5.67991379648447,38.0,0.0033758027908612266,0.0,6,6,6,6,6,6,6,6,6,6,6
GET,/api/v1/contactservice/contacts/account/9c9b7796-f965-4385-a6f5-93038d68dfbb,2,0,17.12881773710251,22.606100421398878,17.12881773710251,28.083383105695248,122.5,0.006751605581722453,0.0,28,28,28,28,28,28,28,28,28,28,28
GET,/api/v1/contactservice/contacts/account/9cd88a34-2a17-4664-9bfb-02b32b8c0c36,3,0,14,18.988783781727154,13.010184280574322,29.685203917324543,150.66666666666666,0.01012740837258368,0.0,14,14,30,30,30,30,30,30,30,30,30
GET,/api/v1/contactservice/contacts/account/9cdc6262-513a-45f3-b20a-9fdfb054aca7,1,0,18.354966305196285,18.354966305196285,18.354966305196285,18.354966305196285,38.0,0.0033758027908612266,0.0,18,18,18,18,18,18,18,18,18,18,18
GET,/api/v1/contactservice/contacts/account/9d013c74-d13b-4e33-9586-6b52eba53b96,1,0,10.769150219857693,10.769150219857693,10.769150219857693,10.769150219857693,38.0,0.0033758027908612266,0.0,11,11,11,11,11,11,11,11,11,11,11
GET,/api/v1/contactservice/contacts/account/9d1acacf-222a-43cb-93ad-af4a6b7b4f4a,2,0,8,10.319575667381287,7.9101379960775375,12.729013338685036,122.5,0.006751605581722453,0.0,13,13,13,13,13,13,13,13,13,13,13
GET,/api/v1/contactservice/contacts/account/9e13e5f6-d020-4944-8e7e-ec49e99f0604,1,0,8.458717726171017,8.458717726171017,8.458717726171017,8.458717726171017,38.0,0.0033758027908612266,0.0,8,8,8,8,8,8,8,8,8,8,8
GET,/api/v1/contactservice/contacts/account/9e176746-5de7-4212-a715-6fbec6f84914,1,0,9.44367703050375,9.44367703050375,9.44367703050375,9.44367703050375,38.0,0.0033758027908612266,0.0,9,9,9,9,9,9,9,9,9,9,9
GET,/api/v1/contactservice/contacts/account/9e45f2b3-1d62-4e32-9d42-2f4ac1096b43,2,0,10.34661941230297,10.793216526508331,10.34661941230297,11.239813640713692,122.5,0.006751605581722453,0.0,11,11,11,11,11,11,11,11,11,11,11
GET,/api/v1/contactservice/contacts/account/9e45f374-5282-4f66-b9d8-4028542ea2db,2,0,10.233581066131592,45.59845896437764,10.233581066131592,80.96333686262369,122.5,0.006751605581722453,0.0,81,81,81,81,81,81,81,81,81,81,81
GET,/api/v1/contactservice/contacts/account/9e9a8b59-485a-42fe-916b-8b126e929840,2,0,6,7.310626562684774,5.7320380583405495,8.889215067029,122.5,0.006751605581722453,0.0,9,9,9,9,9,9,9,9,9,9,9
GET,/api/v1/contactservice/contacts/account/9ef98cbf-eb07-4cd1-9219-d8bfbe80ed28,1,0,13.887869194149971,13.887869194149971,13.887869194149971,13.887869194149971,38.0,0.0033758027908612266,0.0,14,14,14,14,14,14,14,14,14,14,14
GET,/api/v1/contactservice/contacts/account/9f964a20-7c18-4573-8596-fc3c4dededb1,3,0,11,10.486291411022345,9.520190767943859,11.146420612931252,150.66666666666666,0.01012740837258368,0.0,11,11,11,11,11,11,11,11,11,11,11
GET,/api/v1/contactservice/contacts/account/9fee6338-9df9-481e-a8b8-ae8ffd527dd9,2,0,9.321624413132668,14.331653714179993,9.321624413132668,19.341683015227318,122.5,0.006751605581722453,0.0,19,19,19,19,19,19,19,19,19,19,19
GET,/api/v1/contactservice/contacts/account/a16a4bef-ad88-4e1e-820a-98fd87694c12,3,0,18,15.58144980420669,11.111387982964516,18.042100593447685,150.66666666666666,0.01012740837258368,0.0,18,18,18,18,18,18,18,18,18,18,18
GET,/api/v1/contactservice/contacts/account/a275f848-3c50-48cd-b16c-ce0c862d5dd6,1,0,238.1991958245635,238.1991958245635,238.1991958245635,238.1991958245635,38.0,0.0033758027908612266,0.0,240,240,240,240,240,240,240,240,240,240,240
GET,/api/v1/contactservice/contacts/account/a45ccb44-42da-4279-9f3a-06befec92807,2,0,7.06458929926157,9.139413479715586,7.06458929926157,11.214237660169601,122.5,0.006751605581722453,0.0,11,11,11,11,11,11,11,11,11,11,11
GET,/api/v1/contactservice/contacts/account/a539cb29-7f39-4606-a8ee-5fbb27ce01b3,3,0,8.046243339776993,10.93080174177885,8.046243339776993,16.642967239022255,150.66666666666666,0.01012740837258368,0.0,8,8,17,17,17,17,17,17,17,17,17
GET,/api/v1/contactservice/contacts/account/a6901c9f-0b15-462f-8356-defce7898f17,1,0,14.537044800817966,14.537044800817966,14.537044800817966,14.537044800817966,38.0,0.0033758027908612266,0.0,15,15,15,15,15,15,15,15,15,15,15
GET,/api/v1/contactservice/contacts/account/a6c0b021-145d-40e0-8170-6315f5cbec8f,1,0,4.921779967844486,4.921779967844486,4.921779967844486,4.921779967844486,38.0,0.0033758027908612266,0.0,5,5,5,5,5,5,5,5,5,5,5
GET,/api/v1/contactservice/contacts/account/a6ca0759-38b8-4f00-99f1-8ed16de5c06e,4,0,11,11.759743792936206,5.832424387335777,19.35284025967121,164.75,0.013503211163444906,0.0,11,11,19,19,19,19,19,19,19,19,19
GET,/api/v1/contactservice/contacts/account/a7d731b2-a922-4d13-ac75-e030daa0a08b,1,0,32.63597283512354,32.63597283512354,32.63597283512354,32.63597283512354,38.0,0.0033758027908612266,0.0,33,33,33,33,33,33,33,33,33,33,33
GET,/api/v1/contactservice/contacts/account/a8318adf-f67a-47f1-b9e8-911310cc2f21,1,0,29.089299961924553,29.089299961924553,29.089299961924553,29.089299961924553,38.0,0.0033758027908612266,0.0,29,29,29,29,29,29,29,29,29,29,29
GET,/api/v1/contactservice/contacts/account/a85336e0-9ac1-4111-bd53-380a6d2bd410,1,0,19.4746358320117,19.4746358320117,19.4746358320117,19.4746358320117,38.0,0.0033758027908612266,0.0,19,19,19,19,19,19,19,19,19,19,19
GET,/api/v1/contactservice/contacts/account/a877f35f-c6ea-48af-a2d9-cf65476595ce,4,0,8,8.399479323998094,6.848454475402832,11.193281970918179,164.75,0.013503211163444906,0.0,8,8,11,11,11,11,11,11,11,11,11
GET,/api/v1/contactservice/contacts/account/a8d579e7-50fe-4fac-81f7-1a38f5476f6b,2,0,6.45788200199604,6.746708881109953,6.45788200199604,7.0355357602238655,122.5,0.006751605581722453,0.0,7,7,7,7,7,7,7,7,7,7,7
GET,/api/v1/contactservice/contacts/account/a8f43c7b-80c8-4c13-a70d-b029862bd565,3,0,12,10.417367952565352,7.120841182768345,12.580981478095055,150.66666666666666,0.01012740837258368,0.0,12,12,13,13,13,13,13,13,13,13,13
GET,/api/v1/contactservice/contacts/account/a926e3fc-22d8-42b5-a669-1848f95c4c21,3,0,24,21.38596090177695,13.284463435411453,26.65018104016781,150.66666666666666,0.01012740837258368,0.0,24,24,27,27,27,27,27,27,27,27,27
GET,/api/v1/contactservice/contacts/account/a9837594-7f54-4d4b-ab1b-5540751a1f79,2,0,9,11.435878928750753,8.584617637097836,14.287140220403671,122.5,0.006751605581722453,0.0,14,14,14,14,14,14,14,14,14,14,14
GET,/api/v1/contactservice/contacts/account/a9981cf6-31b4-4d99-8667-c3695fd7c037,1,0,12.164145708084106,12.164145708084106,12.164145708084106,12.164145708084106,38.0,0.0033758027908612266,0.0,12,12,12,12,12,12,12,12,12,12,12
GET,/api/v1/contactservice/contacts/account/a9a398fc-d274-4c3f-b776-d3dcb9de23e9,2,0,8,11.337388306856155,7.864168845117092,14.810607768595219,122.5,0.006751605581722453,0.0,15,15,15,15,15,15,15,15,15,15,15
GET,/api/v1/contactservice/contacts/account/a9bbe20b-2321-44d2-824a-ba2c80a952ac,2,0,6.385098211467266,7.719829212874174,6.385098211467266,9.054560214281082,122.5,0.006751605581722453,0.0,9,9,9,9,9,9,9,9,9,9,9
GET,/api/v1/contactservice/contacts/account/aa672dde-b8b3-4a77-8c69-8f163d532ff1,3,0,10,10.063647913436094,9.030059911310673,11.00928895175457,150.66666666666666,0.01012740837258368,0.0,10,10,11,11,11,11,11,11,11,11,11
GET,/api/v1/contactservice/contacts/account/aa9cea41-107b-490a-999c-2ca13d34af14,3,0,11,11.444867588579655,7.128453813493252,15.851454809308052,150.66666666666666,0.01012740837258368,0.0,11,11,16,16,16,16,16,16,16,16,16
GET,/api/v1/contactservice/contacts/account/aab8a598-391f-4e29-86fa-33f937fd620c,3,0,6,10.10623232771953,5.016045644879341,18.824400380253792,150.66666666666666,0.01012740837258368,0.0,6,6,19,19,19,19,19,19,19,19,19
GET,/api/v1/contactservice/contacts/account/aad9f066-a440-4494-bbeb-76f4f87def65,2,0,6.430690176784992,7.813494652509689,6.430690176784992,9.196299128234386,122.5,0.006751605581722453,0.0,9,9,9,9,9,9,9,9,9,9,9
GET,/api/v1/contactservice/contacts/account/ab06b89c-99ca-4517-adeb-2f6e285fcc5b,1,0,63.789078034460545,63.789078034460545,63.789078034460545,63.789078034460545,38.0,0.0033758027908612266,0.0,64,64,64,64,64,64,64,64,64,64,64
GET,/api/v1/contactservice/contacts/account/acf344e2-4330-4771-a98a-bab7d3be6758,1,0,13.279414735734463,13.279414735734463,13.279414735734463,13.279414735734463,38.0,0.0033758027908612266,0.0,13,13,13,13,13,13,13,13,13,13,13
GET,/api/v1/contactservice/contacts/account/acfa18a0-4e02-4d22-9dc7-67ced08db4f2,2,0,9,13.797303661704063,8.52376502007246,19.070842303335667,122.5,0.006751605581722453,0.0,19,19,19,19,19,19,19,19,19,19,19
GET,/api/v1/contactservice/contacts/account/addcce3c-7025-4271-a230-b422f728fd9b,2,0,15,15.335846692323685,14.641935005784035,16.029758378863335,122.5,0.006751605581722453,0.0,16,16,16,16,16,16,16,16,16,16,16
GET,/api/v1/contactservice/contacts/account/ae5afaed-ab48-41c1-a50d-be3fa3e1f43c,2,0,8.029975928366184,10.140501894056797,8.029975928366184,12.25102785974741,122.5,0.006751605581722453,0.0,12,12,12,12,12,12,12,12,12,12,12
GET,/api/v1/contactservice/contacts/account/ae9e6dfe-4380-4343-8acb-27dede0b3f07,2,0,6,11.47217070683837,5.8533065021038055,17.091034911572933,122.5,0.006751605581722453,0.0,17,17,17,17,17,17,17,17,17,17,17
GET,/api/v1/contactservice/contacts/account/af8dad99-e73e-413c-98ae-2671986b61fd,2,0,11.270956136286259,11.869580950587988,11.270956136286259,12.468205764889717,122.5,0.006751605581722453,0.0,12,12,12,12,12,12,12,12,12,12,12
GET,/api/v1/contactservice/contacts/account/b0f50c6d-b537-4095-825b-e2b60060f24b,2,0,8,9.601856116205454,7.85234197974205,11.351370252668858,122.5,0.006751605581722453,0.0,11,11,11,11,11,11,11,11,11,11,11
GET,/api/v1/contactservice/contacts/account/b19aad08-e056-4684-a955-78d55f2b1e7d,3,0,13,19.74555632720391,7.812071591615677,38.11950236558914,150.66666666666666,0.01012740837258368,0.0,13,13,38,38,38,38,38,38,38,38,38
GET,/api/v1/contactservice/contacts/account/b19f3b22-409a-4e6d-a490-a25f78533dbe,1,0,19.791491329669952,19.791491329669952,19.791491329669952,19.791491329669952,38.0,0.0033758027908612266,0.0,20,20,20,20,20,20,20,20,20,20,20
GET,/api/v1/contactservice/contacts/account/b208b97b-ec90-4bc0-b230-09d95500140e,2,0,13,15.098468400537968,12.597436085343361,17.599500715732574,122.5,0.006751605581722453,0.0,18,18,18,18,18,18,18,18,18,18,18
GET,/api/v1/contactservice/contacts/account/b27d32ba-728f-44b3-8ce7-e11abb11e04a,3,0,33,31.402727278570335,7.3937904089689255,53.80144249647856,150.66666666666666,0.01012740837258368,0.0,33,33,54,54,54,54,54,54,54,54,54
GET,/api/v1/contactservice/contacts/account/b2adf1a9-9757-497f-928e-cb688734e4e8,2,0,10.07923111319542,10.152721777558327,10.07923111319542,10.226212441921234,122.5,0.006751605581722453,0.0,10,10,10,10,10,10,10,10,10,10,10
GET,/api/v1/contactservice/contacts/account/b33366bb-a727-4d6b-b24e-5860ee59e731,2,0,6.128078326582909,8.898995351046324,6.128078326582909,11.669912375509739,122.5,0.006751605581722453,0.0,12,12,12,12,12,12,12,12,12,12,12
GET,/api/v1/contactservice/contacts/account/b350694c-d271-4254-a8b7-4c593e84ec91,1,0,16.477289609611034,16.477289609611034,16.477289609611034,16.477289609611034,38.0,0.0033758027908612266,0.0,16,16,16,16,16,16,16,16,16,16,16
GET,/api/v1/contactservice/contacts/account/b35254ca-b86b-487c-b1a5-f7dec2b7b3d3,3,0,10,9.870668562750021,9.475775063037872,10.140303522348404,150.66666666666666,0.01012740837258368,0.0,10,10,10,10,10,10,10,10,10,10,10
GET,/api/v1/contactservice/contacts/account/b36a0f2e-c8a3-445f-831a-5cb5593d5a28,1,0,11.666693724691868,11.666693724691868,11.666693724691868,11.666693724691868,38.0,0.0033758027908612266,0.0,12,12,12,12,12,12,12,12,12,12,12
GET,/api/v1/contactservice/contacts/account/b36ee305-30bb-423c-90cb-9bb512c13428,2,0,7.355159148573875,23.266145028173923,7.355159148573875,39.17713090777397,122.5,0.006751605581722453,0.0,39,39,39,39,39,39,39,39,39,39,39
GET,/api/v1/contactservice/contacts/account/b387ea1d-e990-408f-a0f5-6c006bbbca65,1,0,8.982664905488491,8.982664905488491,8.982664905488491,8.982664905488491,38.0,0.0033758027908612266,0.0,9,9,9,9,9,9,9,9,9,9,9
GET,/api/v1/contactservice/contacts/account/b3c57373-2c01-4d96-91f5-cb26cc8da5da,1,0,14.590507373213768,14.590507373213768,14.590507373213768,14.590507373213768,38.0,0.0033758027908612266,0.0,15,15,15,15,15,15,15,15,15,15,15
GET,/api/v1/contactservice/contacts/account/b3c76e75-8237-4c84-b087-b13c26649880,2,0,11,12.653777841478586,10.790488682687283,14.51706700026989,122.5,0.006751605581722453,0.0,15,15,15,15,15,15,15,15,15,15,15
GET,/api/v1/contactservice/contacts/account/b40b31b9-4a01-404f-8301-1db555b0f9f6,3,0,21,21.356534212827682,14.01513908058405,29.12059798836708,150.66666666666666,0.01012740837258368,0.0,21,21,29,29,29,29,29,29,29,29,29
GET,/api/v1/contactservice/contacts/account/b41e54dd-15e7-47de-93ec-9515e4f67229,2,0,7,7.153736427426338,6.719385273754597,7.58808758109808,122.5,0.006751605581722453,0.0,8,8,8,8,8,8,8,8,8,8,8
GET,/api/v1/contactservice/contacts/account/b42b7289-d4a4-4b55-b908-73e83805758c,2,0,32.354758121073246,43.31590002402663,32.354758121073246,54.27704192698002,122.5,0.006751605581722453,0.0,54,54,54,54,54,54,54,54,54,54,54
GET,/api/v1/contactservice/contacts/account/b551d17f-fce1-4be6-9749-354c27212e4a,2,0,8.081727661192417,8.141552563756704,8.081727661192417,8.201377466320992,122.5,0.006751605581722453,0.0,8,8,8,8,8,8,8,8,8,8,8
GET,/api/v1/contactservice/contacts/account/b64737ab-4d55-4920-ab14-fba6b29950ee,2,0,10.070834308862686,10.77645318582654,10.070834308862686,11.482072062790394,122.5,0.006751605581722453,0.0,11,11,11,11,11,11,11,11,11,11,11
GET,/api/v1/contactservice/contacts/account/b71c73ef-8e2a-4308-8ec9-b3f9072459c0,2,0,7.153702899813652,7.8720333985984325,7.153702899813652,8.590363897383213,122.5,0.006751605581722453,0.0,9,9,9,9,9,9,9,9,9,9,9
GET,/api/v1/contactservice/contacts/account/b7d5b0a3-eb13-4328-869b-5cbfb7018d5d,2,0,9.1688372194767,13.267469592392445,9.1688372194767,17.36610196530819,122.5,0.006751605581722453,0.0,17,17,17,17,17,17,17,17,17,17,17
GET,/api/v1/contactservice/contacts/account/b7fdc73a-a381-4642-8a73-7efd5cd63b48,3,0,10,13.09765006105105,6.197366863489151,23.1019239872694,150.66666666666666,0.01012740837258368,0.0,10,10,23,23,23,23,23,23,23,23,23
GET,/api/v1/contactservice/contacts/account/b810dc27-d42a-4571-829e-24de7e738679,1,0,7.495705038309097,7.495705038309097,7.495705038309097,7.495705038309097,38.0,0.0033758027908612266,0.0,7,7,7,7,7,7,7,7,7,7,7
GET,/api/v1/contactservice/contacts/account/b8d36ca3-3d9d-4878-8b65-cdfb1c456335,3,0,11,12.815714813768864,7.45606143027544,19.497153349220753,150.66666666666666,0.01012740837258368,0.0,11,11,19,19,19,19,19,19,19,19,19
GET,/api/v1/contactservice/contacts/account/b90e3c25-fc88-4956-9915-6eb282bb1455,1,0,29.882904142141342,29.882904142141342,29.882904142141342,29.882904142141342,38.0,0.0033758027908612266,0.0,30,30,30,30,30,30,30,30,30,30,30
GET,/api/v1/contactservice/contacts/account/b952bff7-99e6-4f54-bd02-951947569e82,2,0,9,9.299261029809713,8.631348609924316,9.96717344969511,122.5,0.006751605581722453,0.0,10,10,10,10,10,10,10,10,10,10,10
GET,/api/v1/contactservice/contacts/account/b97f2805-1768-4c5b-b013-809378da948a,1,0,7.088811136782169,7.088811136782169,7.088811136782169,7.088811136782169,38.0,0.0033758027908612266,0.0,7,7,7,7,7,7,7,7,7,7,7
GET,/api/v1/contactservice/contacts/account/b98d2775-7b6d-4f14-a9cc-3c3aa901018e,2,0,6.1662038788199425,8.012051694095135,6.1662038788199425,9.857899509370327,122.5,0.006751605581722453,0.0,10,10,10,10,10,10,10,10,10,10,10
GET,/api/v1/contactservice/contacts/account/ba515a60-ce0b-442a-9661-db30b539b961,3,0,11,10.933535173535347,8.5615748539567,13.529423624277115,150.66666666666666,0.01012740837258368,0.0,11,11,14,14,14,14,14,14,14,14,14
GET,/api/v1/contactservice/contacts/account/baa32589-03cb-4249-adec-778d43f7ea72,1,0,13.537049293518066,13.537049293518066,13.537049293518066,13.537049293518066,38.0,0.0033758027908612266,0.0,14,14,14,14,14,14,14,14,14,14,14
GET,/api/v1/contactservice/contacts/account/bab5f02a-34d6-44a1-9e87-bb6bf74cf9e4,1,0,54.045322351157665,54.045322351157665,54.045322351157665,54.045322351157665,38.0,0.0033758027908612266,0.0,54,54,54,54,54,54,54,54,54,54,54
GET,/api/v1/contactservice/contacts/account/bafe6c03-4a01-42ee-b00c-0b622cdc4c46,1,0,9.99668799340725,9.99668799340725,9.99668799340725,9.99668799340725,38.0,0.0033758027908612266,0.0,10,10,10,10,10,10,10,10,10,10,10
GET,/api/v1/contactservice/contacts/account/bb7b1814-20b5-4296-ad9c-f5338671a117,2,0,13.392185792326927,14.151777606457472,13.392185792326927,14.911369420588017,122.5,0.006751605581722453,0.0,15,15,15,15,15,15,15,15,15,15,15
GET,/api/v1/contactservice/contacts/account/bb853eea-bff5-4ff2-b4a9-4b13e783ad49,1,0,10.96428744494915,10.96428744494915,10.96428744494915,10.96428744494915,38.0,0.0033758027908612266,0.0,11,11,11,11,11,11,11,11,11,11,11
GET,/api/v1/contactservice/contacts/account/bcd299ad-77fe-4a45-9e56-ab0e8e829c69,2,0,10.08695550262928,14.959725551307201,10.08695550262928,19.832495599985123,122.5,0.006751605581722453,0.0,20,20,20,20,20,20,20,20,20,20,20
GET,/api/v1/contactservice/contacts/account/bd50fd0b-e59b-40ac-b8ff-05c422fdba6f,1,0,12.983731925487518,12.983731925487518,12.983731925487518,12.983731925487518,38.0,0.0033758027908612266,0.0,13,13,13,13,13,13,13,13,13,13,13
GET,/api/v1/contactservice/contacts/account/bdc13adf-d6fb-4969-b6fc-e2ff0c29897c,3,0,8,10.848563474913439,7.355190813541412,17.135953530669212,150.66666666666666,0.01012740837258368,0.0,8,8,17,17,17,17,17,17,17,17,17
GET,/api/v1/contactservice/contacts/account/be3af82e-003e-4fb1-adfa-0503c49d893c,1,0,7.363593205809593,7.363593205809593,7.363593205809593,7.363593205809593,38.0,0.0033758027908612266,0.0,7,7,7,7,7,7,7,7,7,7,7
GET,/api/v1/contactservice/contacts/account/beae0637-d5e2-4f34-bddc-d677c0bed8f5,1,0,15.142184682190418,15.142184682190418,15.142184682190418,15.142184682190418,38.0,0.0033758027908612266,0.0,15,15,15,15,15,15,15,15,15,15,15
GET,/api/v1/contactservice/contacts/account/bf3ca488-fc70-4461-8a7d-7477b2b1e561,1,0,29.407141730189323,29.407141730189323,29.407141730189323,29.407141730189323,38.0,0.0033758027908612266,0.0,29,29,29,29,29,29,29,29,29,29,29
GET,/api/v1/contactservice/contacts/account/bf6af507-a3c3-4d1a-8497-6e9982222033,1,0,8.568106219172478,8.568106219172478,8.568106219172478,8.568106219172478,38.0,0.0033758027908612266,0.0,9,9,9,9,9,9,9,9,9,9,9
GET,/api/v1/contactservice/contacts/account/bf8816a5-ef30-4471-a577-cce3d9404263,1,0,13.461865484714508,13.461865484714508,13.461865484714508,13.461865484714508,38.0,0.0033758027908612266,0.0,13,13,13,13,13,13,13,13,13,13,13
GET,/api/v1/contactservice/contacts/account/bf9ecbc1-ca78-45c0-9f97-4cf1fb3b5be5,1,0,6.572049111127853,6.572049111127853,6.572049111127853,6.572049111127853,38.0,0.0033758027908612266,0.0,7,7,7,7,7,7,7,7,7,7,7
GET,/api/v1/contactservice/contacts/account/c00ee0b9-c7fb-4480-a0f6-c23c62451cbc,1,0,75.36005042493343,75.36005042493343,75.36005042493343,75.36005042493343,38.0,0.0033758027908612266,0.0,75,75,75,75,75,75,75,75,75,75,75
GET,/api/v1/contactservice/contacts/account/c12b0e5a-c569-4079-931c-210defa56405,2,0,7.083604112267494,12.119448743760586,7.083604112267494,17.155293375253677,122.5,0.006751605581722453,0.0,17,17,17,17,17,17,17,17,17,17,17
GET,/api/v1/contactservice/contacts/account/c136718b-f021-435f-8f20-d827abba310b,2,0,13.239259831607342,21.493826527148485,13.239259831607342,29.74839322268963,122.5,0.006751605581722453,0.0,30,30,30,30,30,30,30,30,30,30,30
GET,/api/v1/contactservice/contacts/account/c1814b3e-2528-41e9-bb4e-04be16540d5f,2,0,8.264579810202122,8.689770475029945,8.264579810202122,9.114961139857769,122.5,0.006751605581722453,0.0,9,9,9,9,9,9,9,9,9,9,9
GET,/api/v1/contactservice/contacts/account/c193f695-0a8e-4f24-827a-917b2e34cbef,1,0,8.973976597189903,8.973976597189903,8.973976597189903,8.973976597189903,38.0,0.0033758027908612266,0.0,9,9,9,9,9,9,9,9,9,9,9
GET,/api/v1/contactservice/contacts/account/c1ad8b8d-b4a8-4b51-bd10-ef46c4cbe95e,2,0,9,21.61182090640068,8.814672939479351,34.40896887332201,122.5,0.006751605581722453,0.0,34,34,34,34,34,34,34,34,34,34,34
GET,/api/v1/contactservice/contacts/account/c20b9d55-97e7-404a-891a-d1e51ee785e5,1,0,19.83426883816719,19.83426883816719,19.83426883816719,19.83426883816719,38.0,0.0033758027908612266,0.0,20,20,20,20,20,20,20,20,20,20,20
GET,/api/v1/contactservice/contacts/account/c27ca0f5-ede7-4ffd-a873-d060d8225539,2,0,6.167402490973473,8.863023947924376,6.167402490973473,11.558645404875278,122.5,0.006751605581722453,0.0,12,12,12,12,12,12,12,12,12,12,12
GET,/api/v1/contactservice/contacts/account/c2c3b38b-32ed-42c5-8f87-9d0d6118f981,2,0,7,7.646962534636259,6.811975501477718,8.4819495677948,122.5,0.006751605581722453,0.0,8,8,8,8,8,8,8,8,8,8,8
GET,/api/v1/contactservice/contacts/account/c30b003c-3ec9-4587-bb97-214cc13d989c,1,0,9.11885965615511,9.11885965615511,9.11885965615511,9.11885965615511,38.0,0.0033758027908612266,0.0,9,9,9,9,9,9,9,9,9,9,9
GET,/api/v1/contactservice/contacts/account/c32e217f-b5f2-4760-affe-031c66bf7c57,1,0,15.848733484745026,15.848733484745026,15.848733484745026,15.848733484745026,38.0,0.0033758027908612266,0.0,16,16,16,16,16,16,16,16,16,16,16
GET,/api/v1/contactservice/contacts/account/c382478c-1ac7-4bbb-b40e-352b525c2668,2,0,8.665225468575954,8.66187084466219,8.658516220748425,8.665225468575954,122.5,0.006751605581722453,0.0,9,9,9,9,9,9,9,9,9,9,9
GET,/api/v1/contactservice/contacts/account/c3fa01c7-6e2f-432b-b97e-5879e8a356d1,1,0,24.33645259588957,24.33645259588957,24.33645259588957,24.33645259588957,38.0,0.0033758027908612266,0.0,24,24,24,24,24,24,24,24,24,24,24
GET,/api/v1/contactservice/contacts/account/c4261ccf-1dea-43a8-8760-9f21e621b52e,3,0,9,9.1732790072759,7.905522361397743,10.51902212202549,150.66666666666666,0.01012740837258368,0.0,9,9,11,11,11,11,11,11,11,11,11
GET,/api/v1/contactservice/contacts/account/c44c4d21-a086-47fa-935f-1d73409c8358,1,0,21.97638899087906,21.97638899087906,21.97638899087906,21.97638899087906,38.0,0.0033758027908612266,0.0,22,22,22,22,22,22,22,22,22,22,22
GET,/api/v1/contactservice/contacts/account/c44fed3a-d173-42b3-9ec8-bd5f5edadf29,1,0,14.614209532737732,14.614209532737732,14.614209532737732,14.614209532737732,38.0,0.0033758027908612266,0.0,15,15,15,15,15,15,15,15,15,15,15
GET,/api/v1/contactservice/contacts/account/c4833f43-0d6f-4d1f-ad72-15cbe35794c0,1,0,9.382319636642933,9.382319636642933,9.382319636642933,9.382319636642933,38.0,0.0033758027908612266,0.0,9,9,9,9,9,9,9,9,9,9,9
GET,/api/v1/contactservice/contacts/account/c497ab5e-03b0-4592-8a56-b7361f87d6df,1,0,6.934673525393009,6.934673525393009,6.934673525393009,6.934673525393009,38.0,0.0033758027908612266,0.0,7,7,7,7,7,7,7,7,7,7,7
GET,/api/v1/contactservice/contacts/account/c51d3a51-1bc8-4183-9148-4f580e14d78c,2,0,10.122678242623806,18.940129783004522,10.122678242623806,27.75758132338524,122.5,0.006751605581722453,0.0,28,28,28,28,28,28,28,28,28,28,28
GET,/api/v1/contactservice/contacts/account/c538fe88-1d1d-45f8-bf90-5e8da19bc95b,2,0,11.335400864481926,17.105700448155403,11.335400864481926,22.87600003182888,122.5,0.006751605581722453,0.0,23,23,23,23,23,23,23,23,23,23,23
GET,/api/v1/contactservice/contacts/account/c53e8800-ef9f-4ef2-b584-4e2b36cf46e2,2,0,14,16.550942324101925,13.919182121753693,19.182702526450157,122.5,0.006751605581722453,0.0,19,19,19,19,19,19,19,19,19,19,19
GET,/api/v1/contactservice/contacts/account/c5f5bf4e-b7fb-4b91-8901-0e8b2e95a0c7,1,0,6.9931186735630035,6.9931186735630035,6.9931186735630035,6.9931186735630035,38.0,0.0033758027908612266,0.0,7,7,7,7,7,7,7,7,7,7,7
GET,/api/v1/contactservice/contacts/account/c5fd5100-641f-48b8-9882-d3bb579fd67a,3,0,7,30.308192906280357,6.056024692952633,78.07765156030655,150.66666666666666,0.01012740837258368,0.0,7,7,78,78,78,78,78,78,78,78,78
GET,/api/v1/contactservice/contacts/account/c6531366-2104-4483-97cc-abf5881a3325,1,0,30.33792320638895,30.33792320638895,30.33792320638895,30.33792320638895,38.0,0.0033758027908612266,0.0,30,30,30,30,30,30,30,30,30,30,30
GET,/api/v1/contactservice/contacts/account/c6b1cd15-7bdb-42f9-90ca-89e2dd003820,2,0,8.206620812416077,8.690091781318188,8.206620812416077,9.173562750220299,122.5,0.006751605581722453,0.0,9,9,9,9,9,9,9,9,9,9,9
GET,/api/v1/contactservice/contacts/account/c70b5b6d-4bf4-4c4b-8fad-85b702cfe906,1,0,14.282039366662502,14.282039366662502,14.282039366662502,14.282039366662502,38.0,0.0033758027908612266,0.0,14,14,14,14,14,14,14,14,14,14,14
GET,/api/v1/contactservice/contacts/account/c76463c5-7c5a-4b92-a944-3ac09bb3690c,1,0,6.3282400369644165,6.3282400369644165,6.3282400369644165,6.3282400369644165,38.0,0.0033758027908612266,0.0,6,6,6,6,6,6,6,6,6,6,6
GET,/api/v1/contactservice/contacts/account/c94ba16b-809a-4af5-abdf-499141727384,2,0,11.24381273984909,18.15655268728733,11.24381273984909,25.06929263472557,122.5,0.006751605581722453,0.0,25,25,25,25,25,25,25,25,25,25,25
GET,/api/v1/contactservice/contacts/account/c94f6adf-080e-4212-9b46-b802848bd820,1,0,9.214121848344803,9.214121848344803,9.214121848344803,9.214121848344803,38.0,0.0033758027908612266,0.0,9,9,9,9,9,9,9,9,9,9,9
GET,/api/v1/contactservice/contacts/account/c99293a1-300d-4914-ba2d-74fb213d55ea,1,0,11.945772916078568,11.945772916078568,11.945772916078568,11.945772916078568,38.0,0.0033758027908612266,0.0,12,12,12,12,12,12,12,12,12,12,12
GET,/api/v1/contactservice/contacts/account/ca037cda-f7cb-4d4f-a0c6-8642d60fd9f2,2,0,9.41028818488121,10.063656605780125,9.41028818488121,10.717025026679039,122.5,0.006751605581722453,0.0,11,11,11,11,11,11,11,11,11,11,11
GET,/api/v1/contactservice/contacts/account/ca3e67f9-c15b-4220-a1b2-0fbada47dc99,1,0,7.659601047635078,7.659601047635078,7.659601047635078,7.659601047635078,38.0,0.0033758027908612266,0.0,8,8,8,8,8,8,8,8,8,8,8
GET,/api/v1/contactservice/contacts/account/ca8095f4-7b2f-4735-87cc-e7e7800a1774,1,0,6.555226631462574,6.555226631462574,6.555226631462574,6.555226631462574,38.0,0.0033758027908612266,0.0,7,7,7,7,7,7,7,7,7,7,7
GET,/api/v1/contactservice/contacts/account/cae6a52e-d53d-4ed4-ba93-f26c4d6547fe,1,0,13.085933402180672,13.085933402180672,13.085933402180672,13.085933402180672,38.0,0.0033758027908612266,0.0,13,13,13,13,13,13,13,13,13,13,13
GET,/api/v1/contactservice/contacts/account/caf1ee67-7302-4aba-aee2-0a08488b6074,2,0,13.012663461267948,15.509787946939468,13.012663461267948,18.00691243261099,122.5,0.006751605581722453,0.0,18,18,18,18,18,18,18,18,18,18,18
GET,/api/v1/contactservice/contacts/account/cb53a777-768f-4bc3-bbb0-d4032e9293c4,2,0,10,10.97826287150383,9.993977844715118,11.962547898292542,122.5,0.006751605581722453,0.0,12,12,12,12,12,12,12,12,12,12,12
GET,/api/v1/contactservice/contacts/account/cc949274-95bc-4c81-a256-bec0b599d175,2,0,9.383785538375378,10.163320694118738,9.383785538375378,10.942855849862099,122.5,0.006751605581722453,0.0,11,11,11,11,11,11,11,11,11,11,11
GET,/api/v1/contactservice/contacts/account/cd1d5726-c62c-4a3d-b452-744ddc3ef7f7,3,0,11,10.708126860360304,7.985265925526619,13.075463473796844,150.66666666666666,0.01012740837258368,0.0,11,11,13,13,13,13,13,13,13,13,13
GET,/api/v1/contactservice/contacts/account/cd3079e7-2005-4847-9577-0555e687cd28,1,0,9.951802901923656,9.951802901923656,9.951802901923656,9.951802901923656,38.0,0.0033758027908612266,0.0,10,10,10,10,10,10,10,10,10,10,10
GET,/api/v1/contactservice/contacts/account/cd474d4a-be21-456b-8c48-fd2f6953abda,2,0,8.485733531415462,9.571281261742115,8.485733531415462,10.656828992068768,122.5,0.006751605581722453,0.0,11,11,11,11,11,11,11,11,11,11,11
GET,/api/v1/contactservice/contacts/account/cdea826a-0a06-4170-bd1e-57b6c26af294,1,0,10.973724536597729,10.973724536597729,10.973724536597729,10.973724536597729,38.0,0.0033758027908612266,0.0,11,11,11,11,11,11,11,11,11,11,11
GET,/api/v1/contactservice/contacts/account/ce3fab4d-219c-4c49-80a2-9bb0514e1a28,1,0,17.958907410502434,17.958907410502434,17.958907410502434,17.958907410502434,38.0,0.0033758027908612266,0.0,18,18,18,18,18,18,18,18,18,18,18
GET,/api/v1/contactservice/contacts/account/ce5923d9-b864-4aa3-9a9c-b374f8faeca5,2,0,7,11.424439027905464,6.869846023619175,15.979032032191753,122.5,0.006751605581722453,0.0,16,16,16,16,16,16,16,16,16,16,16
GET,/api/v1/contactservice/contacts/account/cf00010c-aae2-445f-90c6-efc71c39c15a,1,0,11.048773303627968,11.048773303627968,11.048773303627968,11.048773303627968,38.0,0.0033758027908612266,0.0,11,11,11,11,11,11,11,11,11,11,11
GET,/api/v1/contactservice/contacts/account/cfb0125c-4126-4a55-a7d7-21d1a8d063ae,3,0,8,17.402739264070988,7.797748781740665,36.3957304507494,150.66666666666666,0.01012740837258368,0.0,8,8,36,36,36,36,36,36,36,36,36
GET,/api/v1/contactservice/contacts/account/cfca7abc-259a-44ce-bc0a-931cae5c444f,1,0,9.879613295197487,9.879613295197487,9.879613295197487,9.879613295197487,38.0,0.0033758027908612266,0.0,10,10,10,10,10,10,10,10,10,10,10
GET,/api/v1/contactservice/contacts/account/d00b13e8-5d15-4b94-9b92-a1c7a4fa1f11,1,0,13.001766987144947,13.001766987144947,13.001766987144947,13.001766987144947,38.0,0.0033758027908612266,0.0,13,13,13,13,13,13,13,13,13,13,13
GET,/api/v1/contactservice/contacts/account/d069bd2b-495b-4ae9-ac49-1ef66037c492,1,0,9.384856559336185,9.384856559336185,9.384856559336185,9.384856559336185,38.0,0.0033758027908612266,0.0,9,9,9,9,9,9,9,9,9,9,9
GET,/api/v1/contactservice/contacts/account/d0b3ded4-2e31-4b18-b5b5-02fb07fe01cd,1,0,5.307481624186039,5.307481624186039,5.307481624186039,5.307481624186039,38.0,0.0033758027908612266,0.0,5,5,5,5,5,5,5,5,5,5,5
GET,/api/v1/contactservice/contacts/account/d0e5ac9f-96b9-45e5-89dd-e51d8ee716aa,1,0,18.045583739876747,18.045583739876747,18.045583739876747,18.045583739876747,38.0,0.0033758027908612266,0.0,18,18,18,18,18,18,18,18,18,18,18
GET,/api/v1/contactservice/contacts/account/d12b4425-4ab6-4168-95d4-bbc47d583994,2,0,8,12.659432832151651,7.935845293104649,17.383020371198654,122.5,0.006751605581722453,0.0,17,17,17,17,17,17,17,17,17,17,17
GET,/api/v1/contactservice/contacts/account/d1f07c11-3147-462a-aa4a-7bb7bd18a4a8,1,0,27.442711405456066,27.442711405456066,27.442711405456066,27.442711405456066,38.0,0.0033758027908612266,0.0,27,27,27,27,27,27,27,27,27,27,27
GET,/api/v1/contactservice/contacts/account/d1fbb187-b54a-4cbd-9c45-cccf61019374,2,0,9.052024222910404,14.956773724406958,9.052024222910404,20.86152322590351,122.5,0.006751605581722453,0.0,21,21,21,21,21,21,21,21,21,21,21
GET,/api/v1/contactservice/contacts/account/d2c629f5-432a-4642-b6fb-545acfbce375,2,0,6,7.2774989530444145,5.752169527113438,8.802828378975391,122.5,0.006751605581722453,0.0,9,9,9,9,9,9,9,9,9,9,9
GET,/api/v1/contactservice/contacts/account/d2d13a4c-091e-4e51-b2ba-c33a82b9cfbb,2,0,19.32353712618351,30.03032226115465,19.32353712618351,40.73710739612579,122.5,0.006751605581722453,0.0,41,41,41,41,41,41,41,41,41,41,41
GET,/api/v1/contactservice/contacts/account/d3293c23-06e2-4144-a9fa-f041e0ba2d7d,3,0,8,8.356633285681406,7.061253301799297,9.529278613626957,150.66666666666666,0.01012740837258368,0.0,8,8,10,10,10,10,10,10,10,10,10
GET,/api/v1/contactservice/contacts/account/d3d22bc4-26f8-4acc-a3ef-863c6dc40bed,2,0,8,13.858193531632423,7.582760415971279,20.133626647293568,122.5,0.006751605581722453,0.0,20,20,20,20,20,20,20,20,20,20,20
GET,/api/v1/contactservice/contacts/account/d3febfef-7bc8-40e2-8b9a-159884c7ba15,2,0,8,9.240982122719288,7.701178081333637,10.780786164104939,122.5,0.006751605581722453,0.0,11,11,11,11,11,11,11,11,11,11,11
GET,/api/v1/contactservice/contacts/account/d4b1a26e-97a3-44b3-b871-3fb44a3d385a,3,0,8,31.132906054457028,7.8618209809064865,77.29917392134666,150.66666666666666,0.01012740837258368,0.0,8,8,77,77,77,77,77,77,77,77,77
GET,/api/v1/contactservice/contacts/account/d5217be3-c2b1-4a50-b943-0dd42dbd2c7d,1,0,5.660871975123882,5.660871975123882,5.660871975123882,5.660871975123882,38.0,0.0033758027908612266,0.0,6,6,6,6,6,6,6,6,6,6,6
GET,/api/v1/contactservice/contacts/account/d59328be-79b6-4db1-8ab6-835d428b2843,2,0,6.008991040289402,8.625612128525972,6.008991040289402,11.242233216762543,122.5,0.006751605581722453,0.0,11,11,11,11,11,11,11,11,11,11,11
GET,/api/v1/contactservice/contacts/account/d5ade73f-16fd-46cd-8f14-3247c56c5e92,1,0,10.994670912623405,10.994670912623405,10.994670912623405,10.994670912623405,38.0,0.0033758027908612266,0.0,11,11,11,11,11,11,11,11,11,11,11
GET,/api/v1/contactservice/contacts/account/d5c9f22f-90e3-4d47-bcca-a027e36b6b14,1,0,28.700840659439564,28.700840659439564,28.700840659439564,28.700840659439564,38.0,0.0033758027908612266,0.0,29,29,29,29,29,29,29,29,29,29,29
GET,/api/v1/contactservice/contacts/account/d5d69cf9-e8a9-4d91-8145-0afffafa40c1,3,0,7,8.279106579720974,6.849915720522404,10.750782676041126,150.66666666666666,0.01012740837258368,0.0,7,7,11,11,11,11,11,11,11,11,11
GET,/api/v1/contactservice/contacts/account/d646aedc-674c-4daa-9f73-8f3e286afc72,2,0,6.185201928019524,6.5593235194683075,6.185201928019524,6.933445110917091,122.5,0.006751605581722453,0.0,7,7,7,7,7,7,7,7,7,7,7
GET,/api/v1/contactservice/contacts/account/d685c76c-7e12-4086-af69-ed7c6da425a5,2,0,8,8.124790154397488,7.81690888106823,8.432671427726746,122.5,0.006751605581722453,0.0,8,8,8,8,8,8,8,8,8,8,8
GET,/api/v1/contactservice/contacts/account/d76e09f9-ddee-41d3-9841-4160b175faed,3,0,7,11.791784937183062,6.0295527800917625,22.464916110038757,150.66666666666666,0.01012740837258368,0.0,7,7,22,22,22,22,22,22,22,22,22
GET,/api/v1/contactservice/contacts/account/d7960cb5-5be5-4472-b677-8061eb46a775,1,0,16.451602801680565,16.451602801680565,16.451602801680565,16.451602801680565,38.0,0.0033758027908612266,0.0,16,16,16,16,16,16,16,16,16,16,16
GET,/api/v1/contactservice/contacts/account/d9164ed5-f406-49bc-9d50-c2b4f7fed85e,2,0,7,16.654124949127436,6.753990426659584,26.554259471595287,122.5,0.006751605581722453,0.0,27,27,27,27,27,27,27,27,27,27,27
GET,/api/v1/contactservice/contacts/account/d918f5d6-8c67-4aab-8cd0-9f499888195e,1,0,7.364196702837944,7.364196702837944,7.364196702837944,7.364196702837944,38.0,0.0033758027908612266,0.0,7,7,7,7,7,7,7,7,7,7,7
GET,/api/v1/contactservice/contacts/account/da6fbe2a-31e0-49bd-9e14-b0a3344aebfb,1,0,122.18089681118727,122.18089681118727,122.18089681118727,122.18089681118727,38.0,0.0033758027908612266,0.0,120,120,120,120,120,120,120,120,120,120,120
GET,/api/v1/contactservice/contacts/account/db51d2a1-d35e-4054-afe1-f07edc77f3a4,1,0,6.394166499376297,6.394166499376297,6.394166499376297,6.394166499376297,38.0,0.0033758027908612266,0.0,6,6,6,6,6,6,6,6,6,6,6
GET,/api/v1/contactservice/contacts/account/dbe5596f-8749-49ed-abee-1f74ada63b9e,1,0,11.828672140836716,11.828672140836716,11.828672140836716,11.828672140836716,38.0,0.0033758027908612266,0.0,12,12,12,12,12,12,12,12,12,12,12
GET,/api/v1/contactservice/contacts/account/dd3f217a-c617-4ade-9b71-9222e302e497,1,0,6.987719796597958,6.987719796597958,6.987719796597958,6.987719796597958,38.0,0.0033758027908612266,0.0,7,7,7,7,7,7,7,7,7,7,7
GET,/api/v1/contactservice/contacts/account/dd9ee8e4-3362-4a2c-a013-bf9bf6f3da0d,1,0,19.249367527663708,19.249367527663708,19.249367527663708,19.249367527663708,38.0,0.0033758027908612266,0.0,19,19,19,19,19,19,19,19,19,19,19
GET,/api/v1/contactservice/contacts/account/ddc0c44f-36ba-47a5-b852-699a7f7a6586,1,0,8.195219561457634,8.195219561457634,8.195219561457634,8.195219561457634,38.0,0.0033758027908612266,0.0,8,8,8,8,8,8,8,8,8,8,8
GET,/api/v1/contactservice/contacts/account/deb2371c-8f06-418e-ab42-8f49cb60dd0c,2,0,7.249730639159679,13.961697928607464,7.249730639159679,20.67366521805525,122.5,0.006751605581722453,0.0,21,21,21,21,21,21,21,21,21,21,21
GET,/api/v1/contactservice/contacts/account/df33a3e8-304e-42fe-bc48-9b2672ac3c4b,2,0,6.06138352304697,10.390802752226591,6.06138352304697,14.720221981406212,122.5,0.006751605581722453,0.0,15,15,15,15,15,15,15,15,15,15,15
GET,/api/v1/contactservice/contacts/account/e12187e5-26e7-46d0-b024-64127873cfa5,2,0,13,12.936064507812262,12.822202406823635,13.049926608800888,122.5,0.006751605581722453,0.0,13,13,13,13,13,13,13,13,13,13,13
GET,/api/v1/contactservice/contacts/account/e1238cce-9b16-4a35-a59c-08fa3cdeacdc,1,0,12.060909532010555,12.060909532010555,12.060909532010555,12.060909532010555,38.0,0.0033758027908612266,0.0,12,12,12,12,12,12,12,12,12,12,12
GET,/api/v1/contactservice/contacts/account/e130de29-c8a0-4061-82d9-baaf79db7ffa,1,0,11.91827468574047,11.91827468574047,11.91827468574047,11.91827468574047,38.0,0.0033758027908612266,0.0,12,12,12,12,12,12,12,12,12,12,12
GET,/api/v1/contactservice/contacts/account/e261288f-384d-49c2-9f46-c1b11ca2cf23,2,0,32,221.63446946069598,31.73703234642744,411.5319065749645,122.5,0.006751605581722453,0.0,410,410,410,410,410,410,410,410,410,410,410
GET,/api/v1/contactservice/contacts/account/e2f23b77-9a45-473f-867f-346cf8c63881,2,0,11,29.696384444832802,10.979266837239265,48.41350205242634,122.5,0.006751605581722453,0.0,48,48,48,48,48,48,48,48,48,48,48
GET,/api/v1/contactservice/contacts/account/e3048c29-2362-421f-a405-ff99c840bf8b,2,0,24.10428412258625,37.9802449606359,24.10428412258625,51.85620579868555,122.5,0.006751605581722453,0.0,52,52,52,52,52,52,52,52,52,52,52
GET,/api/v1/contactservice/contacts/account/e3891b00-4d9e-4eda-a115-4fdea966019e,1,0,14.963996596634388,14.963996596634388,14.963996596634388,14.963996596634388,38.0,0.0033758027908612266,0.0,15,15,15,15,15,15,15,15,15,15,15
GET,/api/v1/contactservice/contacts/account/e3a0c9ef-9b8b-4a87-99ef-a5ca2bcf2912,1,0,11.987192556262016,11.987192556262016,11.987192556262016,11.987192556262016,38.0,0.0033758027908612266,0.0,12,12,12,12,12,12,12,12,12,12,12
GET,/api/v1/contactservice/contacts/account/e3e4e833-5aa7-42a5-9f62-076a359f5857,2,0,13.4256761521101,25.107476394623518,13.4256761521101,36.789276637136936,122.5,0.006751605581722453,0.0,37,37,37,37,37,37,37,37,37,37,37
GET,/api/v1/contactservice/contacts/account/e3f61548-9286-4f4a-9743-90fa56646dd4,1,0,7.277919910848141,7.277919910848141,7.277919910848141,7.277919910848141,38.0,0.0033758027908612266,0.0,7,7,7,7,7,7,7,7,7,7,7
GET,/api/v1/contactservice/contacts/account/e4b937f5-04cb-4b6e-b010-7aa5935e1875,1,0,12.998632155358791,12.998632155358791,12.998632155358791,12.998632155358791,38.0,0.0033758027908612266,0.0,13,13,13,13,13,13,13,13,13,13,13
GET,/api/v1/contactservice/contacts/account/e509de7f-3377-4c22-9eed-d3f40bc39c96,2,0,12,20.784753374755383,11.571775190532207,29.997731558978558,122.5,0.006751605581722453,0.0,30,30,30,30,30,30,30,30,30,30,30
GET,/api/v1/contactservice/contacts/account/e51cddd9-1986-46c0-ae6f-84bc92b35974,1,0,14.364947564899921,14.364947564899921,14.364947564899921,14.364947564899921,38.0,0.0033758027908612266,0.0,14,14,14,14,14,14,14,14,14,14,14
GET,/api/v1/contactservice/contacts/account/e55a6478-9700-46ff-85a2-5cb0e83a8ff0,1,0,37.27850038558245,37.27850038558245,37.27850038558245,37.27850038558245,38.0,0.0033758027908612266,0.0,37,37,37,37,37,37,37,37,37,37,37
GET,/api/v1/contactservice/contacts/account/e5660613-e2b0-4b36-a6f1-90f256fd4444,2,0,6.022641435265541,10.377306491136551,6.022641435265541,14.73197154700756,122.5,0.006751605581722453,0.0,15,15,15,15,15,15,15,15,15,15,15
GET,/api/v1/contactservice/contacts/account/e5bbadbe-bc31-4aca-bff6-5661a6426c06,2,0,15,15.561099629849195,14.908245764672756,16.213953495025635,122.5,0.006751605581722453,0.0,16,16,16,16,16,16,16,16,16,16,16
GET,/api/v1/contactservice/contacts/account/e5e1af2e-c8c8-48ec-bbb9-c015319d783f,1,0,7.107905112206936,7.107905112206936,7.107905112206936,7.107905112206936,38.0,0.0033758027908612266,0.0,7,7,7,7,7,7,7,7,7,7,7
GET,/api/v1/contactservice/contacts/account/e6033a0d-7ad2-42e0-bb10-bb13003305f1,2,0,9,8.998323697596788,8.894048631191254,9.102598764002323,122.5,0.006751605581722453,0.0,9,9,9,9,9,9,9,9,9,9,9
GET,/api/v1/contactservice/contacts/account/e61cfe39-a482-42f3-af50-c8b752998b9a,1,0,21.177259273827076,21.177259273827076,21.177259273827076,21.177259273827076,38.0,0.0033758027908612266,0.0,21,21,21,21,21,21,21,21,21,21,21
GET,/api/v1/contactservice/contacts/account/e63f0e72-ec78-4514-a8fc-8e0a7c084977,2,0,6,7.675878703594208,5.719705484807491,9.632051922380924,122.5,0.006751605581722453,0.0,10,10,10,10,10,10,10,10,10,10,10
GET,/api/v1/contactservice/contacts/account/e6727005-209d-474c-bc0a-079d898a3ba2,1,0,8.400256745517254,8.400256745517254,8.400256745517254,8.400256745517254,38.0,0.0033758027908612266,0.0,8,8,8,8,8,8,8,8,8,8,8
GET,/api/v1/contactservice/contacts/account/e6deccc2-4ee2-4518-b1d9-a38ebdebdea9,3,0,6,6.365630154808362,5.879667587578297,7.132956758141518,150.66666666666666,0.01012740837258368,0.0,6,6,7,7,7,7,7,7,7,7,7
GET,/api/v1/contactservice/contacts/account/e7117a5a-1930-4b5e-bdce-7ac80d224876,2,0,18,19.021183252334595,17.5340436398983,20.50832286477089,122.5,0.006751605581722453,0.0,21,21,21,21,21,21,21,21,21,21,21
GET,/api/v1/contactservice/contacts/account/e74835dc-8c92-4335-86c4-4ebc147e5924,1,0,10.404384694993496,10.404384694993496,10.404384694993496,10.404384694993496,38.0,0.0033758027908612266,0.0,10,10,10,10,10,10,10,10,10,10,10
GET,/api/v1/contactservice/contacts/account/e76a7184-6b79-4d63-bd16-b142336b36a4,1,0,13.931465335190296,13.931465335190296,13.931465335190296,13.931465335190296,38.0,0.0033758027908612266,0.0,14,14,14,14,14,14,14,14,14,14,14
GET,/api/v1/contactservice/contacts/account/e8c0d3f0-5ee1-4d01-9f92-98f696e2b09d,1,0,9.444009512662888,9.444009512662888,9.444009512662888,9.444009512662888,38.0,0.0033758027908612266,0.0,9,9,9,9,9,9,9,9,9,9,9
GET,/api/v1/contactservice/contacts/account/e92ba6fe-4137-401c-bd81-be59f24f7d02,1,0,5.143765360116959,5.143765360116959,5.143765360116959,5.143765360116959,38.0,0.0033758027908612266,0.0,5,5,5,5,5,5,5,5,5,5,5
GET,/api/v1/contactservice/contacts/account/e9d25fd7-0b12-4dff-91cf-30cc3ccebe62,2,0,9,13.168408069759607,8.818304166197777,17.518511973321438,122.5,0.006751605581722453,0.0,18,18,18,18,18,18,18,18,18,18,18
GET,/api/v1/contactservice/contacts/account/ea4d725d-00e1-44a8-bd35-ae649f3f288e,1,0,9.966493584215641,9.966493584215641,9.966493584215641,9.966493584215641,38.0,0.0033758027908612266,0.0,10,10,10,10,10,10,10,10,10,10,10
GET,/api/v1/contactservice/contacts/account/ead5cf24-4768-4d05-972e-dfe6562b4763,1,0,42.51080937683582,42.51080937683582,42.51080937683582,42.51080937683582,38.0,0.0033758027908612266,0.0,43,43,43,43,43,43,43,43,43,43,43
GET,/api/v1/contactservice/contacts/account/eb8199f4-8f04-4c19-a2ee-deb869d12e26,2,0,9,9.765909519046545,8.663319051265717,10.868499986827374,122.5,0.006751605581722453,0.0,11,11,11,11,11,11,11,11,11,11,11
GET,/api/v1/contactservice/contacts/account/eb9e28e5-87c6-4ece-974a-10ba59da755c,1,0,18.98377016186714,18.98377016186714,18.98377016186714,18.98377016186714,38.0,0.0033758027908612266,0.0,19,19,19,19,19,19,19,19,19,19,19
GET,/api/v1/contactservice/contacts/account/ec554e7e-b3f0-4ef3-8b14-8a360e39ad7e,2,0,13.116308487951756,17.344786319881678,13.116308487951756,21.5732641518116,122.5,0.006751605581722453,0.0,22,22,22,22,22,22,22,22,22,22,22
GET,/api/v1/contactservice/contacts/account/ec7e8682-51d3-4a1d-8c16-bf8f606e8ab6,4,0,24,33.00551371648908,11.554279364645481,70.87684329599142,164.75,0.013503211163444906,0.0,25,25,71,71,71,71,71,71,71,71,71
GET,/api/v1/contactservice/contacts/account/eceecb23-00f8-4bde-8b70-e042ac2b58e3,1,0,8.324715308845043,8.324715308845043,8.324715308845043,8.324715308845043,38.0,0.0033758027908612266,0.0,8,8,8,8,8,8,8,8,8,8,8
GET,/api/v1/contactservice/contacts/account/edcf9027-f2ce-47be-85d5-5478fd65a373,3,0,9,9.006757599612078,7.104890421032906,10.93814056366682,150.66666666666666,0.01012740837258368,0.0,9,9,11,11,11,11,11,11,11,11,11
GET,/api/v1/contactservice/contacts/account/ee19fd8e-b46d-473c-b080-bf8674c98701,2,0,6.069083698093891,21.69958269223571,6.069083698093891,37.330081686377525,122.5,0.006751605581722453,0.0,37,37,37,37,37,37,37,37,37,37,37
GET,/api/v1/contactservice/contacts/account/ee49a4b2-f87a-4b2c-99f0-20ce911a043b,1,0,56.04802258312702,56.04802258312702,56.04802258312702,56.04802258312702,38.0,0.0033758027908612266,0.0,56,56,56,56,56,56,56,56,56,56,56
GET,/api/v1/contactservice/contacts/account/ee67b853-6c32-4348-9586-41f981b2ceef,1,0,7.00532179325819,7.00532179325819,7.00532179325819,7.00532179325819,38.0,0.0033758027908612266,0.0,7,7,7,7,7,7,7,7,7,7,7
GET,/api/v1/contactservice/contacts/account/eecf9412-dc3d-41cc-8802-151734033396,2,0,14,21.256940439343452,13.982066884636879,28.531813994050026,122.5,0.006751605581722453,0.0,29,29,29,29,29,29,29,29,29,29,29
GET,/api/v1/contactservice/contacts/account/ef445c9e-6f8a-4810-bf18-a0566fa8161e,2,0,7,15.973855275660753,6.897725164890289,25.049985386431217,122.5,0.006751605581722453,0.0,25,25,25,25,25,25,25,25,25,25,25
GET,/api/v1/contactservice/contacts/account/ef67f503-895c-4144-b659-5475598f1b0b,1,0,11.753826402127743,11.753826402127743,11.753826402127743,11.753826402127743,38.0,0.0033758027908612266,0.0,12,12,12,12,12,12,12,12,12,12,12
GET,/api/v1/contactservice/contacts/account/efa5954f-69cf-49a6-9e74-41d286d8a33e,1,0,9.316823445260525,9.316823445260525,9.316823445260525,9.316823445260525,38.0,0.0033758027908612266,0.0,9,9,9,9,9,9,9,9,9,9,9
GET,/api/v1/contactservice/contacts/account/efacfe50-ce30-4923-b4dd-0bdd579758c9,3,0,9,9.274971360961596,8.721904829144478,9.958894923329353,150.66666666666666,0.01012740837258368,0.0,9,9,10,10,10,10,10,10,10,10,10
GET,/api/v1/contactservice/contacts/account/efe0d5e8-4dbc-4b4c-a380-2589373c0bde,1,0,7.748653180897236,7.748653180897236,7.748653180897236,7.748653180897236,38.0,0.0033758027908612266,0.0,8,8,8,8,8,8,8,8,8,8,8
GET,/api/v1/contactservice/contacts/account/f03264fd-2872-4b74-b5be-29c6f9161ec5,1,0,6.80357962846756,6.80357962846756,6.80357962846756,6.80357962846756,38.0,0.0033758027908612266,0.0,7,7,7,7,7,7,7,7,7,7,7
GET,/api/v1/contactservice/contacts/account/f03aed21-526b-4d75-8ca3-fd3a35a7e265,2,0,12.429955415427685,12.747978791594505,12.429955415427685,13.066002167761326,122.5,0.006751605581722453,0.0,13,13,13,13,13,13,13,13,13,13,13
GET,/api/v1/contactservice/contacts/account/f0f4e082-40c9-4f87-a8c0-057cadafe38f,1,0,9.83317568898201,9.83317568898201,9.83317568898201,9.83317568898201,38.0,0.0033758027908612266,0.0,10,10,10,10,10,10,10,10,10,10,10
GET,/api/v1/contactservice/contacts/account/f168259a-ab6c-4a96-8abe-a5aa5e0d16d6,3,0,10,10.141886149843534,7.417071610689163,12.975214049220085,150.66666666666666,0.01012740837258368,0.0,10,10,13,13,13,13,13,13,13,13,13
GET,/api/v1/contactservice/contacts/account/f1bcd55b-0fb2-4d80-86d4-2ce20ca68bbf,1,0,10.751192457973957,10.751192457973957,10.751192457973957,10.751192457973957,38.0,0.0033758027908612266,0.0,11,11,11,11,11,11,11,11,11,11,11
GET,/api/v1/contactservice/contacts/account/f2272058-0041-4b21-b8a4-23f3f57eec01,1,0,7.381519302725792,7.381519302725792,7.381519302725792,7.381519302725792,38.0,0.0033758027908612266,0.0,7,7,7,7,7,7,7,7,7,7,7
GET,/api/v1/contactservice/contacts/account/f2794edf-1d89-444e-a5a1-c0914c1326b5,2,0,8.300811983644962,20.095537416636944,8.300811983644962,31.890262849628925,122.5,0.006751605581722453,0.0,32,32,32,32,32,32,32,32,32,32,32
GET,/api/v1/contactservice/contacts/account/f29d1837-ed5d-4793-ad55-a15912fdad66,1,0,10.779058560729027,10.779058560729027,10.779058560729027,10.779058560729027,38.0,0.0033758027908612266,0.0,11,11,11,11,11,11,11,11,11,11,11
GET,/api/v1/contactservice/contacts/account/f2cc929d-1272-4f9d-85c7-568c45680dd8,2,0,9.045709855854511,14.009062200784683,9.045709855854511,18.972414545714855,122.5,0.006751605581722453,0.0,19,19,19,19,19,19,19,19,19,19,19
GET,/api/v1/contactservice/contacts/account/f3143a81-aee2-4e7e-8cf6-c2da740d30c3,1,0,7.2766561061143875,7.2766561061143875,7.2766561061143875,7.2766561061143875,38.0,0.0033758027908612266,0.0,7,7,7,7,7,7,7,7,7,7,7
GET,/api/v1/contactservice/contacts/account/f3292030-36af-481e-bc96-14b412b17a66,2,0,10,11.55185978859663,9.796890430152416,13.306829147040844,122.5,0.006751605581722453,0.0,13,13,13,13,13,13,13,13,13,13,13
GET,/api/v1/contactservice/contacts/account/f34a9d5a-f827-4727-a11e-785b472b5bdc,4,0,6.103520281612873,8.558698464185,6.103520281612873,12.947531417012215,164.75,0.013503211163444906,0.0,9,9,13,13,13,13,13,13,13,13,13
GET,/api/v1/contactservice/contacts/account/f3b56e0c-3641-423c-8af3-82da6f7f4a77,2,0,17,20.7818690687418,16.590378247201443,24.973359890282154,122.5,0.006751605581722453,0.0,25,25,25,25,25,25,25,25,25,25,25
GET,/api/v1/contactservice/contacts/account/f45ead6e-5be7-4001-bcad-d93af7440442,2,0,7,14.985111076384783,6.83626439422369,23.133957758545876,122.5,0.006751605581722453,0.0,23,23,23,23,23,23,23,23,23,23,23
GET,/api/v1/contactservice/contacts/account/f4afcf1a-7092-475d-ab9f-d41a64998164,1,0,9.38759371638298,9.38759371638298,9.38759371638298,9.38759371638298,38.0,0.0033758027908612266,0.0,9,9,9,9,9,9,9,9,9,9,9
GET,/api/v1/contactservice/contacts/account/f4ed2b6d-195a-4306-9b67-6621f093a11e,2,0,8.373776450753212,12.238186318427324,8.373776450753212,16.102596186101437,122.5,0.006751605581722453,0.0,16,16,16,16,16,16,16,16,16,16,16
GET,/api/v1/contactservice/contacts/account/f57b5987-e37c-4f54-bf4d-06e37735be34,1,0,37.54900023341179,37.54900023341179,37.54900023341179,37.54900023341179,38.0,0.0033758027908612266,0.0,38,38,38,38,38,38,38,38,38,38,38
GET,/api/v1/contactservice/contacts/account/f57eb5ad-41db-4227-9418-5e3fb7f7ced1,1,0,8.393577300012112,8.393577300012112,8.393577300012112,8.393577300012112,38.0,0.0033758027908612266,0.0,8,8,8,8,8,8,8,8,8,8,8
GET,/api/v1/contactservice/contacts/account/f5b1de09-a689-483b-9c21-5e879921a284,1,0,6.926620379090309,6.926620379090309,6.926620379090309,6.926620379090309,38.0,0.0033758027908612266,0.0,7,7,7,7,7,7,7,7,7,7,7
GET,/api/v1/contactservice/contacts/account/f5c26431-13f8-41ce-a44a-1496d66342c7,2,0,9,22.48586853966117,8.996458724141121,35.97527835518122,122.5,0.006751605581722453,0.0,36,36,36,36,36,36,36,36,36,36,36
GET,/api/v1/contactservice/contacts/account/f60ae3a6-504e-4a98-81a1-7770ced33106,1,0,7.602086290717125,7.602086290717125,7.602086290717125,7.602086290717125,38.0,0.0033758027908612266,0.0,8,8,8,8,8,8,8,8,8,8,8
GET,/api/v1/contactservice/contacts/account/f62ebf0d-fadb-4150-a108-c810305b3e2b,2,0,8,10.75471518561244,7.789065130054951,13.72036524116993,122.5,0.006751605581722453,0.0,14,14,14,14,14,14,14,14,14,14,14
GET,/api/v1/contactservice/contacts/account/f6384807-7209-4bb6-8f08-9d231bc8cecb,3,0,12,127.06775963306427,10.230534709990025,359.0187141671777,150.66666666666666,0.01012740837258368,0.0,12,12,360,360,360,360,360,360,360,360,360
GET,/api/v1/contactservice/contacts/account/f680cfed-68b3-4a99-a511-e93674d15496,1,0,27.42039319127798,27.42039319127798,27.42039319127798,27.42039319127798,38.0,0.0033758027908612266,0.0,27,27,27,27,27,27,27,27,27,27,27
GET,/api/v1/contactservice/contacts/account/f6b8fbcd-4112-44c1-adba-e0198a7cf954,2,0,9,9.195751044899225,8.632664568722248,9.758837521076202,122.5,0.006751605581722453,0.0,10,10,10,10,10,10,10,10,10,10,10
GET,/api/v1/contactservice/contacts/account/f6c37398-dee8-46fb-88a2-cbe11d14735d,2,0,9,16.93796319887042,8.898980915546417,24.976945482194424,122.5,0.006751605581722453,0.0,25,25,25,25,25,25,25,25,25,25,25
GET,/api/v1/contactservice/contacts/account/f76f0914-e18b-416d-a1bd-9df5da57606f,1,0,23.302603513002396,23.302603513002396,23.302603513002396,23.302603513002396,38.0,0.0033758027908612266,0.0,23,23,23,23,23,23,23,23,23,23,23
GET,/api/v1/contactservice/contacts/account/f77c465c-9b6f-4725-8400-cf31a99229cc,1,0,10.554769076406956,10.554769076406956,10.554769076406956,10.554769076406956,38.0,0.0033758027908612266,0.0,11,11,11,11,11,11,11,11,11,11,11
GET,/api/v1/contactservice/contacts/account/f7929a3e-17b2-4e63-b3f7-ce683ac6a401,1,0,12.467261403799057,12.467261403799057,12.467261403799057,12.467261403799057,38.0,0.0033758027908612266,0.0,12,12,12,12,12,12,12,12,12,12,12
GET,/api/v1/contactservice/contacts/account/f809b311-4ece-4e5e-bda2-e204db8d8d52,1,0,8.304008282721043,8.304008282721043,8.304008282721043,8.304008282721043,38.0,0.0033758027908612266,0.0,8,8,8,8,8,8,8,8,8,8,8
GET,/api/v1/contactservice/contacts/account/f82bec3d-ea41-4683-ad76-03ecad022a48,1,0,28.773690573871136,28.773690573871136,28.773690573871136,28.773690573871136,38.0,0.0033758027908612266,0.0,29,29,29,29,29,29,29,29,29,29,29
GET,/api/v1/contactservice/contacts/account/f85572db-53cf-4f42-a133-57b17b2c74cb,1,0,10.353613644838333,10.353613644838333,10.353613644838333,10.353613644838333,38.0,0.0033758027908612266,0.0,10,10,10,10,10,10,10,10,10,10,10
GET,/api/v1/contactservice/contacts/account/f86b3342-236a-4e7c-8242-b9f84874b99f,1,0,18.061688169836998,18.061688169836998,18.061688169836998,18.061688169836998,38.0,0.0033758027908612266,0.0,18,18,18,18,18,18,18,18,18,18,18
GET,/api/v1/contactservice/contacts/account/f9467264-4782-47ac-a5f9-71698c771316,1,0,8.03450308740139,8.03450308740139,8.03450308740139,8.03450308740139,38.0,0.0033758027908612266,0.0,8,8,8,8,8,8,8,8,8,8,8
GET,/api/v1/contactservice/contacts/account/fa2483cb-3d0a-42fa-bfb1-6281483944eb,4,0,8,10.985219152644277,7.14909378439188,19.684637896716595,164.75,0.013503211163444906,0.0,9,9,20,20,20,20,20,20,20,20,20
GET,/api/v1/contactservice/contacts/account/fad2972f-b6b6-4120-8bf4-9ab9ce776c30,1,0,8.830517530441284,8.830517530441284,8.830517530441284,8.830517530441284,38.0,0.0033758027908612266,0.0,9,9,9,9,9,9,9,9,9,9,9
GET,/api/v1/contactservice/contacts/account/fb5ddf15-8ca6-416a-b6f7-3a23d523fb8a,2,0,7,15.976842492818832,6.716413423418999,25.237271562218666,122.5,0.006751605581722453,0.0,25,25,25,25,25,25,25,25,25,25,25
GET,/api/v1/contactservice/contacts/account/fb7effca-5dae-4388-8bcb-5f6e4a677975,1,0,7.7521903440356255,7.7521903440356255,7.7521903440356255,7.7521903440356255,38.0,0.0033758027908612266,0.0,8,8,8,8,8,8,8,8,8,8,8
GET,/api/v1/contactservice/contacts/account/fbd34259-29ee-4dee-bd97-8c4c6899da97,1,0,7.162450812757015,7.162450812757015,7.162450812757015,7.162450812757015,38.0,0.0033758027908612266,0.0,7,7,7,7,7,7,7,7,7,7,7
GET,/api/v1/contactservice/contacts/account/fc12cd26-999d-4047-8bca-39eaa465001d,2,0,10.358978994190693,10.904836002737284,10.358978994190693,11.450693011283875,122.5,0.006751605581722453,0.0,11,11,11,11,11,11,11,11,11,11,11
GET,/api/v1/contactservice/contacts/account/fc4dc9e7-2666-42b1-a0f9-ed266dd266f6,1,0,6.236327812075615,6.236327812075615,6.236327812075615,6.236327812075615,38.0,0.0033758027908612266,0.0,6,6,6,6,6,6,6,6,6,6,6
GET,/api/v1/contactservice/contacts/account/fc9d3e28-1443-4ee3-9cf2-933ba61fbf96,1,0,7.710765115916729,7.710765115916729,7.710765115916729,7.710765115916729,38.0,0.0033758027908612266,0.0,8,8,8,8,8,8,8,8,8,8,8
GET,/api/v1/contactservice/contacts/account/fcaac1f0-06c4-4081-aac4-71bde73c3e0e,2,0,5.370941944420338,7.417012471705675,5.370941944420338,9.463082998991013,122.5,0.006751605581722453,0.0,9,9,9,9,9,9,9,9,9,9,9
GET,/api/v1/contactservice/contacts/account/fcff6653-035c-421e-bc5d-bef0ce02353b,2,0,25.755103677511215,25.731852743774652,25.70860181003809,25.755103677511215,122.5,0.006751605581722453,0.0,26,26,26,26,26,26,26,26,26,26,26
GET,/api/v1/contactservice/contacts/account/fd821d47-dd9b-415e-8227-908b14790fe7,1,0,11.768274940550327,11.768274940550327,11.768274940550327,11.768274940550327,38.0,0.0033758027908612266,0.0,12,12,12,12,12,12,12,12,12,12,12
GET,/api/v1/contactservice/contacts/account/fe1eb817-8bb7-4782-8901-f5b80b8d43b8,1,0,6.855633109807968,6.855633109807968,6.855633109807968,6.855633109807968,38.0,0.0033758027908612266,0.0,7,7,7,7,7,7,7,7,7,7,7
GET,/api/v1/contactservice/contacts/account/fe8dfc3c-4f60-4754-a23e-46895ae6cbac,4,0,7,8.656400721520185,6.502889096736908,11.018999852240086,164.75,0.013503211163444906,0.0,10,10,11,11,11,11,11,11,11,11,11
GET,/api/v1/contactservice/contacts/account/ff41ab61-600c-4a4b-a70f-5db898c968f0,1,0,6.389552727341652,6.389552727341652,6.389552727341652,6.389552727341652,38.0,0.0033758027908612266,0.0,6,6,6,6,6,6,6,6,6,6,6
GET,/api/v1/contactservice/contacts/account/ffaa1bcc-d080-40b3-adbf-de78be89a853,1,0,14.382997527718544,14.382997527718544,14.382997527718544,14.382997527718544,38.0,0.0033758027908612266,0.0,14,14,14,14,14,14,14,14,14,14,14
GET,/api/v1/foodservice/foods/2024-08-21/Shang%20Hai/Su%20Zhou/D1345,1133,0,31,64.19959607544797,15.675938688218594,1519.1826075315475,1090.0,3.82478456204577,0.0,31,39,46,52,69,100,610,1400,1500,1500,1500
POST,/api/v1/preserveservice/preserve,1101,68,1700.0,7284.478616944728,222.1025200560689,60074.59598965943,54.83197093551317,3.7167588727382106,0.2295545897785634,1700,5200,8600,9700,13000,60000,60000,60000,60000,60000,60000
POST,/api/v1/travelservice/trips/left,1133,53,570.0,4453.206267953412,129.29966673254967,60032.876963727176,320.54457193292143,3.82478456204577,0.17891754791564501,570,1200,2100,3900,7700,9500,60000,60000,60000,60000,60000
POST,/api/v1/users/login,2381,0,140.0,151.86526161313046,99.37302209436893,572.1938302740455,339.01763964720703,8.037786445040581,0.0,140,150,160,170,200,240,280,320,570,570,570
GET,/api/v1/verifycode/generate,2360,0,9,16.511321346022946,3.3331066370010376,549.5240949094296,1247.914406779661,7.966894586432495,0.0,9,12,15,17,24,35,54,92,530,550,550
GET,/client_login.html,1180,0,6,9.783499923897748,1.5231762081384659,116.56720098108053,12241.0,3.9834472932162477,0.0,6,9,12,14,21,30,43,65,110,120,120
GET,/client_ticket_book.html?tripId=D1345&from=Shang%20Hai&to=Su%20Zhou&seatType=2&seat_price=50.0&date=2024-08-21,1133,0,5,8.636330975267283,1.7987210303544998,124.7585117816925,37463.0,3.82478456204577,0.0,5,7,9,11,17,28,42,54,120,120,120
GET,/index.html,1180,0,5,9.385419181563844,1.4400854706764221,106.39401338994503,18128.0,3.9834472932162477,0.0,5,8,11,13,21,33,45,61,90,110,110
,Aggregated,20169,200,20,951.6904580886751,1.4359960332512856,60074.59598965943,21153.03088898805,68.08656648888008,0.6751605581722454,20,50,130,150,440,1800,9000,16000,60000,60000,60000
