Method,Name,Error,Occurrences
GET,/api/v1/contactservice/contacts/account/e2415ff0-2430-4c1e-8784-339a3c4a1680,RemoteDisconnected('Remote end closed connection without response'),4
GET,/api/v1/contactservice/contacts/account/93566a52-bf88-4dac-9839-ea34d18fd0a5,RemoteDisconnected('Remote end closed connection without response'),3
POST,/api/v1/travelservice/trips/left,RemoteDisconnected('Remote end closed connection without response'),4930
GET,/api/v1/contactservice/contacts/account/3b8c7302-640f-4d55-9697-fada3592cbfd,RemoteDisconnected('Remote end closed connection without response'),5
GET,/api/v1/contactservice/contacts/account/0cc04734-d76c-4aa4-ad24-1f7450e260ad,RemoteDisconnected('Remote end closed connection without response'),16
GET,/api/v1/contactservice/contacts/account/81281223-ff1f-4245-bba3-ae5d3241006a,RemoteDisconnected('Remote end closed connection without response'),4
GET,/api/v1/contactservice/contacts/account/81da9bb9-124a-4cfc-834e-ca89e5aa683e,RemoteDisconnected('Remote end closed connection without response'),8
GET,/api/v1/contactservice/contacts/account/a6b8649f-0359-479f-a191-dea627d8af93,RemoteDisconnected('Remote end closed connection without response'),10
GET,/api/v1/contactservice/contacts/account/a04db71e-e8bb-4443-aef3-767c0932df30,RemoteDisconnected('Remote end closed connection without response'),3
GET,/api/v1/contactservice/contacts/account/eec49769-fd0d-4d89-a027-679692fc700a,RemoteDisconnected('Remote end closed connection without response'),9
GET,/api/v1/contactservice/contacts/account/49f696de-f2a6-4c09-be12-1f4a64c6d6d5,"ConnectionResetError(104, 'Connection reset by peer')",1
GET,/api/v1/contactservice/contacts/account/96a227ed-da33-4fb3-85bc-a414b7da18ec,RemoteDisconnected('Remote end closed connection without response'),4
GET,/api/v1/contactservice/contacts/account/feac5129-191a-4b4b-abf1-cc80e77e72be,RemoteDisconnected('Remote end closed connection without response'),2
GET,/api/v1/contactservice/contacts/account/b02aff49-b316-4991-8aae-da98e96e2179,"ConnectionResetError(104, 'Connection reset by peer')",1
GET,/api/v1/contactservice/contacts/account/39971903-4b5e-4482-8810-18dc39856634,"ConnectionResetError(104, 'Connection reset by peer')",1
GET,/api/v1/contactservice/contacts/account/18823634-8f77-4c5a-9014-d0212ab0e551,RemoteDisconnected('Remote end closed connection without response'),4
GET,/api/v1/contactservice/contacts/account/72e156e2-cd22-4218-b820-20fc3fe75154,RemoteDisconnected('Remote end closed connection without response'),5
GET,/api/v1/contactservice/contacts/account/0fc7e150-0db7-44d7-8ec7-4caa26b622b4,RemoteDisconnected('Remote end closed connection without response'),4
GET,/api/v1/contactservice/contacts/account/d0b16154-8ef2-4567-b1a5-42f672280518,RemoteDisconnected('Remote end closed connection without response'),5
GET,/api/v1/contactservice/contacts/account/801dde0f-ad94-4090-aaf1-be1ee070b2db,RemoteDisconnected('Remote end closed connection without response'),6
GET,/api/v1/contactservice/contacts/account/ecb53f4f-cb7d-4f52-8fcb-1350be986123,RemoteDisconnected('Remote end closed connection without response'),9
GET,/api/v1/contactservice/contacts/account/c09db6f7-b036-4d79-b012-5cd2873c0f5a,RemoteDisconnected('Remote end closed connection without response'),11
GET,/api/v1/contactservice/contacts/account/f0ce71ec-8e55-4975-a011-97a0e9994437,RemoteDisconnected('Remote end closed connection without response'),2
GET,/admin_user.html,"ConnectionResetError(104, 'Connection reset by peer')",2
GET,/api/v1/contactservice/contacts/account/e7d4406a-a2bb-48b0-9915-ffb576584f13,RemoteDisconnected('Remote end closed connection without response'),2
GET,/api/v1/contactservice/contacts/account/279fcb9d-d40f-4629-8978-5957926a8f63,RemoteDisconnected('Remote end closed connection without response'),4
GET,/api/v1/contactservice/contacts/account/4175fb11-3e94-42cf-822a-00880bd66179,RemoteDisconnected('Remote end closed connection without response'),2
GET,/api/v1/contactservice/contacts/account/d0588498-4c3f-4f38-9487-a06fafa41cdb,RemoteDisconnected('Remote end closed connection without response'),4
GET,/api/v1/contactservice/contacts/account/c0107e14-8f27-4aae-8538-3ed1f0558d82,RemoteDisconnected('Remote end closed connection without response'),7
GET,/api/v1/contactservice/contacts/account/0b49f2c1-f310-4400-9353-b30380a41692,RemoteDisconnected('Remote end closed connection without response'),3
GET,/api/v1/contactservice/contacts/account/b02aff49-b316-4991-8aae-da98e96e2179,RemoteDisconnected('Remote end closed connection without response'),8
GET,/api/v1/contactservice/contacts/account/077a777a-c15c-42bd-aac6-4935fdc22e83,RemoteDisconnected('Remote end closed connection without response'),2
GET,/api/v1/contactservice/contacts/account/44b52912-43b6-44cd-b463-ad4c187cbf27,RemoteDisconnected('Remote end closed connection without response'),10
GET,/api/v1/contactservice/contacts/account/162d518d-8467-4f88-b4a4-6282296a2665,RemoteDisconnected('Remote end closed connection without response'),2
GET,/api/v1/assuranceservice/assurances/types,RemoteDisconnected('Remote end closed connection without response'),4522
GET,/api/v1/contactservice/contacts/account/808f7f3a-a01b-463f-bb8c-d831f175b3ab,RemoteDisconnected('Remote end closed connection without response'),4
GET,/api/v1/contactservice/contacts/account/697e81a3-b14d-4518-b21d-75a1f2683960,RemoteDisconnected('Remote end closed connection without response'),12
GET,/api/v1/contactservice/contacts/account/1045e374-f940-4165-8f4f-a62075871837,RemoteDisconnected('Remote end closed connection without response'),4
GET,/api/v1/contactservice/contacts/account/984d5376-f6da-4702-8808-c02481d6ebe4,RemoteDisconnected('Remote end closed connection without response'),4
GET,/api/v1/contactservice/contacts/account/3e6f032e-45ab-4850-af47-65f1afcc7f5c,RemoteDisconnected('Remote end closed connection without response'),16
GET,/api/v1/contactservice/contacts/account/d871edc4-5a3f-4615-a68f-5850cf3090a8,RemoteDisconnected('Remote end closed connection without response'),5
GET,/api/v1/contactservice/contacts/account/181a2b7b-4241-4e9b-addd-5d178003af51,"ConnectionResetError(104, 'Connection reset by peer')",1
GET,/api/v1/contactservice/contacts/account/494c2e86-213e-4122-b4a0-fd313ef24206,"ConnectionResetError(104, 'Connection reset by peer')",1
GET,/api/v1/contactservice/contacts/account/716893db-db9e-4e55-9c1d-0ca40945a84d,"ConnectionResetError(104, 'Connection reset by peer')",1
GET,/api/v1/contactservice/contacts/account/2e33970a-bf84-47c1-8e41-28b978c49d21,RemoteDisconnected('Remote end closed connection without response'),3
GET,/api/v1/contactservice/contacts/account/79ca7854-d0e8-4f1e-b89a-81f0d08b6ed5,RemoteDisconnected('Remote end closed connection without response'),2
GET,/api/v1/contactservice/contacts/account/4d2a46c7-71cb-4cf1-b5bb-b68406d9da6f,RemoteDisconnected('Remote end closed connection without response'),599
GET,/api/v1/contactservice/contacts/account/748b5920-eedc-4a29-ac38-094b3dfe2e33,RemoteDisconnected('Remote end closed connection without response'),4
GET,/api/v1/contactservice/contacts/account/0177a0a1-7ef2-4ad8-ab61-0bdc70b28fe5,RemoteDisconnected('Remote end closed connection without response'),4
GET,/api/v1/contactservice/contacts/account/00756b18-425b-4eee-b35c-83fdcde3560e,RemoteDisconnected('Remote end closed connection without response'),8
GET,/api/v1/contactservice/contacts/account/4b427dd2-a0ff-4571-aa98-7c9b0bc5019c,RemoteDisconnected('Remote end closed connection without response'),6
GET,/api/v1/contactservice/contacts/account/dc6b37c3-808f-4702-8675-ee7f3fea5081,"ConnectionResetError(104, 'Connection reset by peer')",1
GET,/api/v1/contactservice/contacts/account/55e19c40-a237-4097-83fd-6f9ccc06fda9,RemoteDisconnected('Remote end closed connection without response'),13
GET,/api/v1/contactservice/contacts/account/d0c350d1-aa2f-4864-bcf9-fa39e0929eb1,RemoteDisconnected('Remote end closed connection without response'),10
GET,/api/v1/contactservice/contacts/account/4e55b598-ccdd-4efb-9ad2-47caffcc3439,RemoteDisconnected('Remote end closed connection without response'),13
GET,/api/v1/contactservice/contacts/account/b4cf045f-f7ea-495e-912d-dfaf7567c445,RemoteDisconnected('Remote end closed connection without response'),8
GET,/api/v1/contactservice/contacts/account/35af5074-e89c-4b74-b402-d9160be1543e,RemoteDisconnected('Remote end closed connection without response'),10
GET,/client_login.html,RemoteDisconnected('Remote end closed connection without response'),4926
GET,/api/v1/contactservice/contacts/account/cee32b26-29aa-4960-8d00-8fd789410af5,RemoteDisconnected('Remote end closed connection without response'),5
GET,/api/v1/contactservice/contacts/account/29c087d0-a55a-43ce-9e69-e91acb527ee2,RemoteDisconnected('Remote end closed connection without response'),2
GET,/api/v1/contactservice/contacts/account/3a52375c-84b6-4380-ae85-6700deaee9a9,"ConnectionResetError(104, 'Connection reset by peer')",1
GET,/api/v1/contactservice/contacts/account/eec49769-fd0d-4d89-a027-679692fc700a,"ConnectionResetError(104, 'Connection reset by peer')",1
GET,/api/v1/contactservice/contacts/account/3e9d10b3-bd05-4517-9767-1324a43f6775,RemoteDisconnected('Remote end closed connection without response'),3
GET,/api/v1/contactservice/contacts/account/09b8fce4-f1be-49bb-aa02-0b6181c08363,"ConnectionResetError(104, 'Connection reset by peer')",2
GET,/api/v1/contactservice/contacts/account/1ee396cf-bae9-4def-bdba-72924606a56a,"ConnectionResetError(104, 'Connection reset by peer')",1
GET,/api/v1/contactservice/contacts/account/494c2e86-213e-4122-b4a0-fd313ef24206,RemoteDisconnected('Remote end closed connection without response'),7
GET,/api/v1/contactservice/contacts/account/2b21d490-0ecc-436c-ae79-50f781b0a9b0,RemoteDisconnected('Remote end closed connection without response'),4
GET,/api/v1/contactservice/contacts/account/284d2fb0-b708-4e01-be1d-f2b709e3fcfb,RemoteDisconnected('Remote end closed connection without response'),4
GET,/api/v1/contactservice/contacts/account/7a4b6e1a-2070-4160-9dfd-76a5619b7684,RemoteDisconnected('Remote end closed connection without response'),4
GET,/api/v1/contactservice/contacts/account/676615b9-2c22-4dfd-b146-75057b9f147e,RemoteDisconnected('Remote end closed connection without response'),5
GET,/api/v1/contactservice/contacts/account/ed3ee728-5d75-4d32-99c2-589f8e235c5e,RemoteDisconnected('Remote end closed connection without response'),5
GET,/api/v1/contactservice/contacts/account/bb8bb8bf-0b62-4ff9-a8a1-ca2a5d9b2058,RemoteDisconnected('Remote end closed connection without response'),8
GET,/api/v1/contactservice/contacts/account/48a75aea-6636-4e75-bf62-91f151fdb8eb,RemoteDisconnected('Remote end closed connection without response'),5
GET,/api/v1/contactservice/contacts/account/c1b874c4-4526-4a99-aca0-634775e46922,RemoteDisconnected('Remote end closed connection without response'),3
POST,/api/v1/preserveservice/preserve,HTTPError('504 Server Error: Gateway Time-out for url: /api/v1/preserveservice/preserve'),792
GET,/api/v1/contactservice/contacts/account/978269e4-ef30-4304-97f4-515b689bf8a4,RemoteDisconnected('Remote end closed connection without response'),17
GET,/api/v1/contactservice/contacts/account/d953e014-fce4-4da8-b111-23bec8541359,RemoteDisconnected('Remote end closed connection without response'),4
GET,/client_ticket_book.html?tripId=D1345&from=Shang%20Hai&to=Su%20Zhou&seatType=2&seat_price=50.0&date=2024-08-21,RemoteDisconnected('Remote end closed connection without response'),4693
GET,/api/v1/contactservice/contacts/account/a122552d-baaa-4dd8-917f-2ac29257ce64,RemoteDisconnected('Remote end closed connection without response'),2
GET,/api/v1/contactservice/contacts/account/ffc2ceb0-af54-41fd-964a-44135e17ed2c,RemoteDisconnected('Remote end closed connection without response'),2
GET,/api/v1/contactservice/contacts/account/ecd5cb9f-1f2c-4402-9a78-fc8054d72e72,RemoteDisconnected('Remote end closed connection without response'),4
GET,/api/v1/adminorderservice/adminorder,"ConnectionResetError(104, 'Connection reset by peer')",5
GET,/api/v1/contactservice/contacts/account/48fd30dc-f88a-4833-bed1-7d69579142ba,RemoteDisconnected('Remote end closed connection without response'),4
GET,/api/v1/contactservice/contacts/account/acc83b12-306e-4a51-a4f8-4fb5b03db4b8,RemoteDisconnected('Remote end closed connection without response'),9
GET,/api/v1/contactservice/contacts/account/c2c7211b-8c67-4697-8cdd-785a797b934e,RemoteDisconnected('Remote end closed connection without response'),1
GET,/api/v1/contactservice/contacts/account/877682b9-877f-4a4b-8f85-4061f5091a3d,"ConnectionResetError(104, 'Connection reset by peer')",1
GET,/api/v1/contactservice/contacts/account/b7a9393f-2e65-4853-861b-acdf27b2d16e,RemoteDisconnected('Remote end closed connection without response'),7
GET,/api/v1/contactservice/contacts/account/09b2d0d8-c7da-419a-b736-b54361de08c3,RemoteDisconnected('Remote end closed connection without response'),5
GET,/api/v1/contactservice/contacts/account/8213a2b6-eaab-4945-9e43-5381d6c31913,RemoteDisconnected('Remote end closed connection without response'),1
GET,/api/v1/foodservice/foods/2024-08-21/Shang%20Hai/Su%20Zhou/D1345,HTTPError('504 Server Error: Gateway Time-out for url: /api/v1/foodservice/foods/2024-08-21/Shang%20Hai/Su%20Zhou/D1345'),248
GET,/api/v1/contactservice/contacts/account/206414a8-7d35-4aad-bd3c-2070098af174,"ConnectionResetError(104, 'Connection reset by peer')",1
GET,/api/v1/contactservice/contacts/account/87072ab5-9ea4-438c-b4eb-b60502da7bdf,RemoteDisconnected('Remote end closed connection without response'),2
GET,/api/v1/contactservice/contacts/account/045e1ce2-8345-4d7f-9d82-c176bd656046,RemoteDisconnected('Remote end closed connection without response'),4
GET,/api/v1/contactservice/contacts/account/d5b8857b-0435-4e62-888e-d9a4721dc55c,RemoteDisconnected('Remote end closed connection without response'),12
GET,/api/v1/contactservice/contacts/account/27636d15-5df2-4ac4-9bc0-2ff158340cee,"ConnectionResetError(104, 'Connection reset by peer')",1
GET,/api/v1/contactservice/contacts/account/ca585cae-de7e-435d-9a2f-c3118ebbdc27,RemoteDisconnected('Remote end closed connection without response'),6
GET,/api/v1/contactservice/contacts/account/04c20591-2ddd-42ed-bf8f-19ff3d96c20e,RemoteDisconnected('Remote end closed connection without response'),2
GET,/api/v1/contactservice/contacts/account/233e9251-2dee-43e2-a694-49d7b1949a01,RemoteDisconnected('Remote end closed connection without response'),5
GET,/api/v1/contactservice/contacts/account/b19dc858-aedc-4c45-a486-7e56b9361737,RemoteDisconnected('Remote end closed connection without response'),16
GET,/api/v1/contactservice/contacts/account/f43ea653-b64c-491a-886f-b6b9bfab62c8,RemoteDisconnected('Remote end closed connection without response'),3
GET,/api/v1/contactservice/contacts/account/46f1ac39-e6c3-4ba0-b46f-9827cec06c99,RemoteDisconnected('Remote end closed connection without response'),4
GET,/api/v1/contactservice/contacts/account/dc153ee7-9932-4c61-9f54-85ec9413c105,RemoteDisconnected('Remote end closed connection without response'),16
GET,/api/v1/contactservice/contacts/account/5adf4d9e-ab18-4896-868e-153b158f3601,RemoteDisconnected('Remote end closed connection without response'),2
GET,/api/v1/contactservice/contacts/account/a5863a51-40e7-42f1-b6ce-370a0742e71a,RemoteDisconnected('Remote end closed connection without response'),8
GET,/api/v1/contactservice/contacts/account/27f776b1-6b6d-4f44-9b93-c7fefea4168c,RemoteDisconnected('Remote end closed connection without response'),7
GET,/api/v1/contactservice/contacts/account/23218faa-8223-401e-9193-2692591ece85,RemoteDisconnected('Remote end closed connection without response'),4
GET,/api/v1/contactservice/contacts/account/05fd6810-ea58-4691-920a-59c331411a5a,RemoteDisconnected('Remote end closed connection without response'),7
GET,/api/v1/contactservice/contacts/account/63fc607b-4c55-4295-a775-b1c1b83b22a1,RemoteDisconnected('Remote end closed connection without response'),3
GET,/api/v1/contactservice/contacts/account/12480a29-dc6c-4f52-94b6-f5b18f7311f5,RemoteDisconnected('Remote end closed connection without response'),3
GET,/api/v1/contactservice/contacts/account/16c3bc74-9061-4eaf-ae40-7e9c9657030f,RemoteDisconnected('Remote end closed connection without response'),2
GET,/api/v1/contactservice/contacts/account/9ed24f05-59d2-49dc-98ae-04c7cc5509a3,RemoteDisconnected('Remote end closed connection without response'),6
GET,/api/v1/contactservice/contacts/account/9f3fd9a7-6399-4233-817d-343a8ff63812,RemoteDisconnected('Remote end closed connection without response'),8
GET,/api/v1/contactservice/contacts/account/15a884b5-ee69-4b95-a361-e166528d9f02,RemoteDisconnected('Remote end closed connection without response'),14
GET,/api/v1/contactservice/contacts/account/7333ebeb-9318-49de-ad03-d8c73f2c14af,RemoteDisconnected('Remote end closed connection without response'),3
GET,/api/v1/contactservice/contacts/account/c0768bb8-b6d0-4079-b501-4da572cef792,RemoteDisconnected('Remote end closed connection without response'),5
GET,/api/v1/contactservice/contacts/account/207af1f7-e1ad-4416-8ebf-ca35d71a516a,RemoteDisconnected('Remote end closed connection without response'),5
GET,/api/v1/contactservice/contacts/account/d6f29bf0-64da-4e67-bb3a-373ee005c279,RemoteDisconnected('Remote end closed connection without response'),4
GET,/api/v1/contactservice/contacts/account/ea3422c7-3ed7-4b78-90e9-12d0f40a603a,RemoteDisconnected('Remote end closed connection without response'),5
GET,/api/v1/contactservice/contacts/account/664400d3-a246-4fee-98e7-15541e494dc2,"ConnectionResetError(104, 'Connection reset by peer')",1
GET,/api/v1/contactservice/contacts/account/5854df93-4597-49a4-ab9a-92f1c45fa17f,RemoteDisconnected('Remote end closed connection without response'),6
GET,/api/v1/contactservice/contacts/account/60441d9b-e753-4d8c-9831-e3f66cb1152d,RemoteDisconnected('Remote end closed connection without response'),10
GET,/api/v1/contactservice/contacts/account/1edc8df3-8f98-428a-8628-d38e7eb2035c,RemoteDisconnected('Remote end closed connection without response'),1
GET,/api/v1/contactservice/contacts/account/c4917d6f-00f6-484f-b138-a766d281f018,RemoteDisconnected('Remote end closed connection without response'),8
GET,/api/v1/contactservice/contacts/account/e3037e1b-0d35-479a-bc6f-d4691c97421d,RemoteDisconnected('Remote end closed connection without response'),6
GET,/api/v1/contactservice/contacts/account/748e6161-23d5-41d4-8819-a06111454aa6,RemoteDisconnected('Remote end closed connection without response'),2
GET,/api/v1/contactservice/contacts/account/4d1c292c-fb6f-4ff9-9d9e-c92c37d7fcf4,RemoteDisconnected('Remote end closed connection without response'),9
GET,/api/v1/contactservice/contacts/account/84c23cb5-1041-4d56-8572-96f281c9a8ac,RemoteDisconnected('Remote end closed connection without response'),10
GET,/api/v1/contactservice/contacts/account/a9f307ce-5924-4ca1-ac89-ed9c68718f50,RemoteDisconnected('Remote end closed connection without response'),5
GET,/api/v1/contactservice/contacts/account/e1b5d186-d020-437b-98a2-570dcd9293f3,RemoteDisconnected('Remote end closed connection without response'),7
GET,/api/v1/contactservice/contacts/account/d44835fe-37f5-48f4-9d66-556ca434778c,RemoteDisconnected('Remote end closed connection without response'),7
GET,/api/v1/contactservice/contacts/account/9872e61a-8333-468e-937f-bfabb253f35b,RemoteDisconnected('Remote end closed connection without response'),6
GET,/api/v1/contactservice/contacts/account/3f3ccdac-7400-437b-af42-bd55a7f4aa87,RemoteDisconnected('Remote end closed connection without response'),17
GET,/api/v1/contactservice/contacts/account/4d8c78ca-615f-4f98-835b-866e7d23ff6c,RemoteDisconnected('Remote end closed connection without response'),4
GET,/api/v1/contactservice/contacts/account/,RemoteDisconnected('Remote end closed connection without response'),1331
GET,/adminlogin.html,"ConnectionResetError(104, 'Connection reset by peer')",89
GET,/api/v1/contactservice/contacts/account/592b33c4-0715-4faa-bacc-3479311c5a19,RemoteDisconnected('Remote end closed connection without response'),4
GET,/api/v1/contactservice/contacts/account/,HTTPError('403 Client Error:  for url: /api/v1/contactservice/contacts/account/'),141
GET,/api/v1/contactservice/contacts/account/efc495a0-b1c6-49cf-a819-f4cb87b3a9b8,RemoteDisconnected('Remote end closed connection without response'),4
GET,/api/v1/contactservice/contacts/account/5e06aa28-16bc-4590-bb6a-d3eff8feae98,RemoteDisconnected('Remote end closed connection without response'),7
GET,/api/v1/contactservice/contacts/account/0bdfe393-2bf4-4c15-9d9f-c13a850cfa27,RemoteDisconnected('Remote end closed connection without response'),3
GET,/api/v1/contactservice/contacts/account/cd72019b-1ea5-4582-b5d1-8a79165e287a,RemoteDisconnected('Remote end closed connection without response'),6
GET,/api/v1/contactservice/contacts/account/e002cc93-16f0-475c-9ed6-58c2032dd694,RemoteDisconnected('Remote end closed connection without response'),8
GET,/api/v1/contactservice/contacts/account/e0794907-10fe-4b5a-9708-58befb0c7ab4,RemoteDisconnected('Remote end closed connection without response'),11
GET,/api/v1/contactservice/contacts/account/7787d1e8-c306-4036-b084-80bf2df618b2,"ConnectionResetError(104, 'Connection reset by peer')",1
GET,/api/v1/contactservice/contacts/account/4ac54941-4918-45c3-9bad-56c8a1856c18,RemoteDisconnected('Remote end closed connection without response'),9
GET,/api/v1/contactservice/contacts/account/d3dc9986-c296-4960-83b9-916b42eea0f3,"ConnectionResetError(104, 'Connection reset by peer')",1
GET,/api/v1/contactservice/contacts/account/9e82384f-e879-4397-ab54-2b563ce1345b,"ConnectionResetError(104, 'Connection reset by peer')",1
GET,/api/v1/contactservice/contacts/account/cf008810-beb8-40b6-ac56-122dab22d651,RemoteDisconnected('Remote end closed connection without response'),3
GET,/api/v1/contactservice/contacts/account/181a2b7b-4241-4e9b-addd-5d178003af51,RemoteDisconnected('Remote end closed connection without response'),4
GET,/api/v1/contactservice/contacts/account/c283e070-1329-462c-a749-be2b7e0bbb63,RemoteDisconnected('Remote end closed connection without response'),12
GET,/api/v1/contactservice/contacts/account/510d248b-b055-4907-aa20-a178d5c4e230,RemoteDisconnected('Remote end closed connection without response'),16
GET,/api/v1/contactservice/contacts/account/50569278-bcb8-4f83-b89f-cccdd3f54674,RemoteDisconnected('Remote end closed connection without response'),6
GET,/api/v1/contactservice/contacts/account/0f7200c6-2085-49c3-ab02-ab84fff86c17,RemoteDisconnected('Remote end closed connection without response'),4
GET,/api/v1/contactservice/contacts/account/1e88d358-6d0c-42fd-9e44-652d7b219a13,RemoteDisconnected('Remote end closed connection without response'),10
GET,/api/v1/adminorderservice/adminorder,HTTPError('504 Server Error: Gateway Time-out for url: /api/v1/adminorderservice/adminorder'),31
GET,/api/v1/contactservice/contacts/account/079b5a75-0eb3-495f-bf4d-271c81d83bb1,RemoteDisconnected('Remote end closed connection without response'),2
GET,/api/v1/contactservice/contacts/account/1102867e-f952-4bdd-8ee4-c9cf4b46e903,RemoteDisconnected('Remote end closed connection without response'),8
GET,/api/v1/contactservice/contacts/account/322af73d-2273-4e4c-bc93-84a5be487eb8,RemoteDisconnected('Remote end closed connection without response'),1
GET,/api/v1/contactservice/contacts/account/4bbf671e-34a7-4d4e-9efd-67b249faa500,RemoteDisconnected('Remote end closed connection without response'),4
GET,/api/v1/contactservice/contacts/account/1a49686d-adfb-49d8-8b54-f1844095aeeb,RemoteDisconnected('Remote end closed connection without response'),5
GET,/api/v1/contactservice/contacts/account/05b12ff0-585d-40bd-b2bc-85c2e97a2da1,RemoteDisconnected('Remote end closed connection without response'),2
GET,/api/v1/contactservice/contacts/account/7da01282-d1b9-4cef-8327-d6bf6eb27b33,RemoteDisconnected('Remote end closed connection without response'),4
GET,/api/v1/contactservice/contacts/account/a4330bef-cdbc-43a8-bf34-820946a49b56,RemoteDisconnected('Remote end closed connection without response'),3
GET,/api/v1/contactservice/contacts/account/801c1da6-550a-49f5-8e08-7281f9cd8266,RemoteDisconnected('Remote end closed connection without response'),4
GET,/api/v1/contactservice/contacts/account/8d66abc9-f2a4-41d0-946e-25bfa1860e17,RemoteDisconnected('Remote end closed connection without response'),15
GET,/api/v1/contactservice/contacts/account/2249c9af-1e5f-4920-938d-2723ed9548e5,RemoteDisconnected('Remote end closed connection without response'),1
GET,/api/v1/contactservice/contacts/account/175fa23b-2add-451e-8b89-f289c230f50b,RemoteDisconnected('Remote end closed connection without response'),3
GET,/api/v1/contactservice/contacts/account/c39e6b03-cd80-4fdb-9766-2500129188cd,RemoteDisconnected('Remote end closed connection without response'),11
GET,/api/v1/contactservice/contacts/account/ad71bad2-edbe-4d1f-a39b-320bf1e31208,RemoteDisconnected('Remote end closed connection without response'),3
GET,/api/v1/contactservice/contacts/account/96f5b7d9-b859-4544-81a8-aaf953d24192,"ConnectionResetError(104, 'Connection reset by peer')",1
GET,/api/v1/contactservice/contacts/account/3b8c7302-640f-4d55-9697-fada3592cbfd,"ConnectionResetError(104, 'Connection reset by peer')",1
GET,/api/v1/verifycode/generate,"ConnectionResetError(104, 'Connection reset by peer')",192
GET,/api/v1/contactservice/contacts/account/82d65096-9fee-42f8-9c90-1232047b92e2,RemoteDisconnected('Remote end closed connection without response'),6
GET,/api/v1/contactservice/contacts/account/38888b12-1682-4d88-bb78-252d66252dea,RemoteDisconnected('Remote end closed connection without response'),7
GET,/api/v1/contactservice/contacts/account/263902e3-9ba8-4431-8e5b-101e43d8a805,RemoteDisconnected('Remote end closed connection without response'),7
GET,/api/v1/contactservice/contacts/account/a1e2519d-16af-4b77-a4be-42e6d9425799,RemoteDisconnected('Remote end closed connection without response'),5
GET,/api/v1/contactservice/contacts/account/61376da6-36a4-4bea-83a6-3262e16f65b3,RemoteDisconnected('Remote end closed connection without response'),3
GET,/api/v1/contactservice/contacts/account/741036c6-0b5a-4b9e-b67e-8f85ad4fefcd,RemoteDisconnected('Remote end closed connection without response'),13
GET,/api/v1/contactservice/contacts/account/cf008810-beb8-40b6-ac56-122dab22d651,"ConnectionResetError(104, 'Connection reset by peer')",1
GET,/api/v1/contactservice/contacts/account/638fe44a-9959-4dff-82ac-6b5b375f1728,RemoteDisconnected('Remote end closed connection without response'),8
GET,/api/v1/contactservice/contacts/account/748e6161-23d5-41d4-8819-a06111454aa6,"ConnectionResetError(104, 'Connection reset by peer')",2
GET,/api/v1/contactservice/contacts/account/78359a8b-3ac4-4921-a42e-5547d63b411e,RemoteDisconnected('Remote end closed connection without response'),7
GET,/api/v1/contactservice/contacts/account/8e16909a-723c-401c-8bf5-5fbcc401ac21,RemoteDisconnected('Remote end closed connection without response'),4
GET,/api/v1/contactservice/contacts/account/830a73bb-1e60-4472-a8b9-4a5b6cfa3ff9,RemoteDisconnected('Remote end closed connection without response'),4
GET,/api/v1/contactservice/contacts/account/da7584bf-a583-43a9-82cf-70aa4123d226,RemoteDisconnected('Remote end closed connection without response'),2
GET,/api/v1/contactservice/contacts/account/fb047d5f-d80f-4618-9403-4ecf13784b38,RemoteDisconnected('Remote end closed connection without response'),16
GET,/api/v1/contactservice/contacts/account/9ee6722b-ebf7-422a-b5ce-f7ab4cd6c410,RemoteDisconnected('Remote end closed connection without response'),5
GET,/api/v1/contactservice/contacts/account/8becfc53-b888-4487-80eb-866333d94c16,RemoteDisconnected('Remote end closed connection without response'),9
GET,/api/v1/adminuserservice/users,"ConnectionResetError(104, 'Connection reset by peer')",9
GET,/api/v1/contactservice/contacts/account/35528c92-0629-48d5-9de3-67d1f932a50c,RemoteDisconnected('Remote end closed connection without response'),6
GET,/api/v1/contactservice/contacts/account/,"ConnectionResetError(104, 'Connection reset by peer')",55
GET,/api/v1/contactservice/contacts/account/3020cb20-4f13-4e14-91f4-6e2accc75d09,RemoteDisconnected('Remote end closed connection without response'),1
GET,/api/v1/contactservice/contacts/account/7e1f2c1c-867d-4b1b-a6ab-2b5ec738f37d,RemoteDisconnected('Remote end closed connection without response'),5
GET,/api/v1/contactservice/contacts/account/1be70917-1a34-40ba-ba71-6f1362327ce7,RemoteDisconnected('Remote end closed connection without response'),12
GET,/api/v1/contactservice/contacts/account/92291d96-83b2-484f-bbe0-2bd69bcbc51f,RemoteDisconnected('Remote end closed connection without response'),3
GET,/api/v1/contactservice/contacts/account/f8258ac5-f5f7-4ade-bd00-a866f2038f50,RemoteDisconnected('Remote end closed connection without response'),8
GET,/api/v1/contactservice/contacts/account/c238499a-0d58-4f5a-983e-0615186c2a1e,RemoteDisconnected('Remote end closed connection without response'),9
GET,/api/v1/contactservice/contacts/account/a334de2d-52e3-49d3-afff-034ce56baec3,RemoteDisconnected('Remote end closed connection without response'),3
GET,/index.html,RemoteDisconnected('Remote end closed connection without response'),4976
GET,/api/v1/contactservice/contacts/account/6e9de234-f593-4f97-989b-b2c6bd38a25e,RemoteDisconnected('Remote end closed connection without response'),12
GET,/api/v1/contactservice/contacts/account/0b8ad5f9-c331-4fd1-bd42-06b03e88bffa,RemoteDisconnected('Remote end closed connection without response'),4
GET,/api/v1/contactservice/contacts/account/3cee3a57-f2a1-4c3a-84e7-5c7ec51b3ffc,RemoteDisconnected('Remote end closed connection without response'),18
GET,/api/v1/contactservice/contacts/account/2ce2c7a4-f593-4f8b-9586-a4a5795bae30,RemoteDisconnected('Remote end closed connection without response'),4
GET,/api/v1/contactservice/contacts/account/ff66a010-3607-42c6-b2fd-d3cf6dfa807a,RemoteDisconnected('Remote end closed connection without response'),10
GET,/api/v1/contactservice/contacts/account/8e56aa6d-575b-4935-be18-ed69c4c81a2c,RemoteDisconnected('Remote end closed connection without response'),3
GET,/api/v1/contactservice/contacts/account/b07e313d-f94a-4fe1-ab6d-69b245184bf6,RemoteDisconnected('Remote end closed connection without response'),4
GET,/api/v1/contactservice/contacts/account/a8c10710-0285-4e2b-9c08-75a1d2901ad3,"ConnectionResetError(104, 'Connection reset by peer')",1
GET,/api/v1/contactservice/contacts/account/9f2fffa7-80a0-4f5f-92b4-49b5e333661d,RemoteDisconnected('Remote end closed connection without response'),6
GET,/api/v1/contactservice/contacts/account/08dc7414-8539-4dad-a1a3-274d8252083e,RemoteDisconnected('Remote end closed connection without response'),6
GET,/api/v1/contactservice/contacts/account/8a50c16e-4ed3-4836-b906-caeb83d285f3,RemoteDisconnected('Remote end closed connection without response'),10
GET,/api/v1/contactservice/contacts/account/dffdb8ec-c54d-411e-8ebd-62adb8d1d051,RemoteDisconnected('Remote end closed connection without response'),6
GET,/api/v1/contactservice/contacts/account/e4f2542e-e089-42f5-b89c-ac9fa143c602,RemoteDisconnected('Remote end closed connection without response'),4
GET,/api/v1/contactservice/contacts/account/4f4f37cb-8ee0-4ab5-b49d-1e302814bfdd,RemoteDisconnected('Remote end closed connection without response'),12
GET,/api/v1/contactservice/contacts/account/edf7af6c-f93f-46d1-acee-c0d2d485bce9,RemoteDisconnected('Remote end closed connection without response'),6
POST,/api/v1/adminuserservice/users,"ConnectionResetError(104, 'Connection reset by peer')",1
GET,/api/v1/contactservice/contacts/account/222a5622-5102-4020-a659-6bee47b0ba9e,RemoteDisconnected('Remote end closed connection without response'),12
GET,/api/v1/contactservice/contacts/account/fedb269e-f495-473a-91b4-78d93f784b92,RemoteDisconnected('Remote end closed connection without response'),10
GET,/api/v1/contactservice/contacts/account/12480a29-dc6c-4f52-94b6-f5b18f7311f5,"ConnectionResetError(104, 'Connection reset by peer')",1
GET,/api/v1/contactservice/contacts/account/2da7f0e3-e016-4843-a343-fecd748fbab5,RemoteDisconnected('Remote end closed connection without response'),6
GET,/api/v1/contactservice/contacts/account/81d78803-02fe-48c9-b93b-7aac1999f857,RemoteDisconnected('Remote end closed connection without response'),11
GET,/api/v1/contactservice/contacts/account/3e6ae523-33a2-4f42-8a97-3262e333f83e,RemoteDisconnected('Remote end closed connection without response'),3
GET,/api/v1/contactservice/contacts/account/697e81a3-b14d-4518-b21d-75a1f2683960,"ConnectionResetError(104, 'Connection reset by peer')",1
GET,/api/v1/contactservice/contacts/account/99f6170e-2d4f-417c-aa73-26e29ff73c49,RemoteDisconnected('Remote end closed connection without response'),5
GET,/api/v1/contactservice/contacts/account/644aaee9-d55f-4507-9bbe-aaa7c922ce40,RemoteDisconnected('Remote end closed connection without response'),1
GET,/api/v1/assuranceservice/assurances/types,"ConnectionResetError(104, 'Connection reset by peer')",88
GET,/api/v1/contactservice/contacts/account/6e9de234-f593-4f97-989b-b2c6bd38a25e,"ConnectionResetError(104, 'Connection reset by peer')",2
GET,/api/v1/contactservice/contacts/account/688508b4-4fc8-457a-9b91-48244fde8c16,RemoteDisconnected('Remote end closed connection without response'),3
GET,/api/v1/contactservice/contacts/account/1afead94-f7ea-4bde-a3f8-4c0d9209b2f8,RemoteDisconnected('Remote end closed connection without response'),13
GET,/api/v1/contactservice/contacts/account/477354c7-d254-444d-90dd-00fc29cfa1d6,RemoteDisconnected('Remote end closed connection without response'),4
GET,/api/v1/contactservice/contacts/account/62f599d9-46b9-4780-a420-6214a930dc7f,RemoteDisconnected('Remote end closed connection without response'),3
GET,/api/v1/contactservice/contacts/account/6811eb1b-3e45-4f2d-ad6f-758a6280ce52,RemoteDisconnected('Remote end closed connection without response'),10
POST,/api/v1/preserveservice/preserve,RemoteDisconnected('Remote end closed connection without response'),4480
GET,/api/v1/contactservice/contacts/account/81da9bb9-124a-4cfc-834e-ca89e5aa683e,"ConnectionResetError(104, 'Connection reset by peer')",2
GET,/api/v1/contactservice/contacts/account/f47593a1-5d5e-4a35-a49c-d6c9a991087c,RemoteDisconnected('Remote end closed connection without response'),8
POST,/api/v1/preserveservice/preserve,"ConnectionResetError(104, 'Connection reset by peer')",99
GET,/api/v1/contactservice/contacts/account/d5e08af2-44a7-4778-89b0-8327cbe27097,RemoteDisconnected('Remote end closed connection without response'),4
GET,/api/v1/contactservice/contacts/account/7d59d533-bb40-4694-b302-4e02e6f8ad5c,RemoteDisconnected('Remote end closed connection without response'),6
POST,/api/v1/users/login,RemoteDisconnected('Remote end closed connection without response'),9935
GET,/api/v1/contactservice/contacts/account/4d2a46c7-71cb-4cf1-b5bb-b68406d9da6f,"ConnectionResetError(104, 'Connection reset by peer')",10
GET,/api/v1/contactservice/contacts/account/12110785-de8d-41d3-8d44-f284db64a329,RemoteDisconnected('Remote end closed connection without response'),10
GET,/api/v1/contactservice/contacts/account/e4cbd397-10bd-4fce-aa47-79280c48f960,RemoteDisconnected('Remote end closed connection without response'),10
GET,/api/v1/contactservice/contacts/account/d93aa073-170d-4c39-afc7-ab9bb5dfd407,RemoteDisconnected('Remote end closed connection without response'),4
GET,/api/v1/contactservice/contacts/account/1ee396cf-bae9-4def-bdba-72924606a56a,RemoteDisconnected('Remote end closed connection without response'),2
GET,/api/v1/contactservice/contacts/account/b35d02e4-319a-4974-96e6-12937ace0d3d,RemoteDisconnected('Remote end closed connection without response'),1
GET,/api/v1/contactservice/contacts/account/67b260c8-edf1-4936-bf89-b16d6133d4d0,RemoteDisconnected('Remote end closed connection without response'),2
GET,/api/v1/contactservice/contacts/account/24b4ceaf-7279-44c1-9cec-3aaabd7e822e,RemoteDisconnected('Remote end closed connection without response'),2
GET,/api/v1/contactservice/contacts/account/e4cbd397-10bd-4fce-aa47-79280c48f960,"ConnectionResetError(104, 'Connection reset by peer')",1
GET,/api/v1/contactservice/contacts/account/0364eec0-0f40-4b87-acda-003a18024072,RemoteDisconnected('Remote end closed connection without response'),2
GET,/api/v1/contactservice/contacts/account/253f7730-51e6-4858-8c23-c8ca14757f89,RemoteDisconnected('Remote end closed connection without response'),6
GET,/api/v1/contactservice/contacts/account/67c495c5-3ea4-4918-bb24-31bee5ed52a0,RemoteDisconnected('Remote end closed connection without response'),16
GET,/api/v1/contactservice/contacts/account/4c35a510-bfe1-44a0-a4e7-232155c17a13,RemoteDisconnected('Remote end closed connection without response'),4
GET,/api/v1/contactservice/contacts/account/2cc0fefc-0a20-4d1f-9c05-e1b2b2401887,RemoteDisconnected('Remote end closed connection without response'),2
GET,/api/v1/contactservice/contacts/account/e514617f-549d-49da-96bb-fba20893f46c,RemoteDisconnected('Remote end closed connection without response'),10
GET,/api/v1/contactservice/contacts/account/367d66d1-d1c0-40d3-8a49-9592bdcab726,RemoteDisconnected('Remote end closed connection without response'),5
GET,/api/v1/contactservice/contacts/account/2e8369b0-e836-42dd-bcb5-8b891de87864,RemoteDisconnected('Remote end closed connection without response'),3
GET,/api/v1/contactservice/contacts/account/0bd75803-74b0-4444-9d04-01bbfecf2c1c,RemoteDisconnected('Remote end closed connection without response'),17
GET,/api/v1/contactservice/contacts/account/c8c25700-880b-4849-afc1-e29db466a5b4,RemoteDisconnected('Remote end closed connection without response'),4
GET,/api/v1/contactservice/contacts/account/9c0b98b5-d374-488a-b3a8-45f301720001,RemoteDisconnected('Remote end closed connection without response'),5
GET,/api/v1/contactservice/contacts/account/9fb6aecf-3ab2-4091-880a-705bf1583d4c,RemoteDisconnected('Remote end closed connection without response'),6
GET,/api/v1/contactservice/contacts/account/11082182-16c1-4979-837d-037a3d5d6f6e,RemoteDisconnected('Remote end closed connection without response'),4
GET,/api/v1/contactservice/contacts/account/243c002d-1db2-455d-998b-c72c38aa22ba,RemoteDisconnected('Remote end closed connection without response'),8
GET,/api/v1/contactservice/contacts/account/836e1768-0abf-4253-ab41-792c78d291e2,"ConnectionResetError(104, 'Connection reset by peer')",1
GET,/api/v1/contactservice/contacts/account/4387a0f7-d341-4dec-b7d7-5442540f9fba,RemoteDisconnected('Remote end closed connection without response'),7
GET,/api/v1/contactservice/contacts/account/bef91b5d-0d4b-4c7c-886a-835955864f20,RemoteDisconnected('Remote end closed connection without response'),6
GET,/api/v1/contactservice/contacts/account/86b95b1a-d565-48c7-903c-c16dbcb1daa6,RemoteDisconnected('Remote end closed connection without response'),17
GET,/api/v1/contactservice/contacts/account/15b804b1-b828-4942-9a94-4f8ce937dd4e,RemoteDisconnected('Remote end closed connection without response'),1
GET,/api/v1/contactservice/contacts/account/a6bc9b2f-3f39-444d-9167-090e9185a171,RemoteDisconnected('Remote end closed connection without response'),4
POST,/api/v1/adminuserservice/users,RemoteDisconnected('Remote end closed connection without response'),36
GET,/api/v1/contactservice/contacts/account/8c9b23e6-f6cf-4216-bd89-3f9cc1dc129b,RemoteDisconnected('Remote end closed connection without response'),10
GET,/api/v1/contactservice/contacts/account/1f1fb129-6e12-4139-93fd-f58590e5f8e0,RemoteDisconnected('Remote end closed connection without response'),1
GET,/api/v1/contactservice/contacts/account/a58910e3-5e5b-436c-8409-3b7d3466d302,RemoteDisconnected('Remote end closed connection without response'),4
GET,/api/v1/contactservice/contacts/account/3e275f16-4a1f-4852-a057-4a66aee3a343,RemoteDisconnected('Remote end closed connection without response'),6
GET,/api/v1/contactservice/contacts/account/8cc740a2-958a-458f-8d99-f2ba357a70d8,RemoteDisconnected('Remote end closed connection without response'),9
GET,/api/v1/contactservice/contacts/account/7dcad62a-2141-4e00-8fdc-b3b3ffce63a9,RemoteDisconnected('Remote end closed connection without response'),8
GET,/api/v1/contactservice/contacts/account/9cf6a17f-d0af-4ec1-a213-98dbc3f78d1f,RemoteDisconnected('Remote end closed connection without response'),10
GET,/api/v1/contactservice/contacts/account/185b8abd-6068-412a-a49b-d3b5c71cf10a,RemoteDisconnected('Remote end closed connection without response'),4
GET,/api/v1/contactservice/contacts/account/8a732bca-cbfb-44a2-af4c-55996ef77fc7,RemoteDisconnected('Remote end closed connection without response'),3
GET,/api/v1/contactservice/contacts/account/025c89e2-a7f2-4cb4-8272-88cc6650bc83,RemoteDisconnected('Remote end closed connection without response'),12
GET,/api/v1/contactservice/contacts/account/9978c461-7322-4e84-8c6d-240a6bb647fb,RemoteDisconnected('Remote end closed connection without response'),1
GET,/api/v1/contactservice/contacts/account/e331f474-d260-491c-a0e7-16c3febd30d9,RemoteDisconnected('Remote end closed connection without response'),7
GET,/api/v1/contactservice/contacts/account/440af235-55d5-4358-bbe1-f2a764c25e09,RemoteDisconnected('Remote end closed connection without response'),11
GET,/api/v1/contactservice/contacts/account/058ce9fa-ef08-48a7-806f-2a68a7452183,RemoteDisconnected('Remote end closed connection without response'),9
GET,/api/v1/contactservice/contacts/account/402d52bc-1d31-4b42-83c0-cbfc6a9483ad,RemoteDisconnected('Remote end closed connection without response'),13
GET,/api/v1/contactservice/contacts/account/b4645b98-5755-4a24-ad42-578ca715c6da,RemoteDisconnected('Remote end closed connection without response'),1
GET,/api/v1/contactservice/contacts/account/fec46b33-9dbd-4af4-b2b8-735e6daf8911,RemoteDisconnected('Remote end closed connection without response'),5
GET,/api/v1/contactservice/contacts/account/be188b8e-87eb-43ca-8cf6-0de1c26bbcb0,RemoteDisconnected('Remote end closed connection without response'),7
GET,/api/v1/contactservice/contacts/account/bcc5508c-0803-4999-8bad-d90271e1bbab,RemoteDisconnected('Remote end closed connection without response'),1
GET,/api/v1/contactservice/contacts/account/39971903-4b5e-4482-8810-18dc39856634,RemoteDisconnected('Remote end closed connection without response'),5
GET,/api/v1/contactservice/contacts/account/d41dec44-e4f5-4640-bf74-ed1f5606a370,RemoteDisconnected('Remote end closed connection without response'),4
GET,/api/v1/contactservice/contacts/account/1cdb9bcb-ceb2-4898-8ef0-bd6c1b917536,"ConnectionResetError(104, 'Connection reset by peer')",1
GET,/api/v1/contactservice/contacts/account/74bde124-b87f-4432-8497-4b6f6a3c25a8,RemoteDisconnected('Remote end closed connection without response'),9
GET,/api/v1/contactservice/contacts/account/206414a8-7d35-4aad-bd3c-2070098af174,RemoteDisconnected('Remote end closed connection without response'),8
GET,/api/v1/contactservice/contacts/account/4aff2470-a1ca-4e4e-a07d-a3a1b1f21c21,RemoteDisconnected('Remote end closed connection without response'),9
GET,/api/v1/contactservice/contacts/account/3c7a6faa-934c-4cf1-b00b-c599bcbcdf12,RemoteDisconnected('Remote end closed connection without response'),5
GET,/api/v1/contactservice/contacts/account/28ad248b-11dd-42c8-b9f0-7b2e1592fe49,RemoteDisconnected('Remote end closed connection without response'),6
GET,/api/v1/contactservice/contacts/account/c6f984a7-1518-489e-8e2c-5347707c471a,RemoteDisconnected('Remote end closed connection without response'),7
GET,/api/v1/contactservice/contacts/account/819aebcf-fef1-496d-bfb7-093dd4aa0adb,RemoteDisconnected('Remote end closed connection without response'),2
GET,/api/v1/contactservice/contacts/account/675294c0-ef05-4cff-aba8-31c17944e7bc,RemoteDisconnected('Remote end closed connection without response'),1
GET,/api/v1/contactservice/contacts/account/4e55b598-ccdd-4efb-9ad2-47caffcc3439,"ConnectionResetError(104, 'Connection reset by peer')",1
GET,/api/v1/contactservice/contacts/account/a7e0826d-87cd-458f-8ca0-dbaa94a832bf,RemoteDisconnected('Remote end closed connection without response'),7
GET,/api/v1/contactservice/contacts/account/89853ba4-138d-4e0f-9f08-5b4b64a8debd,RemoteDisconnected('Remote end closed connection without response'),8
GET,/api/v1/contactservice/contacts/account/42e86569-c0dc-4787-8777-8cddaf91db49,RemoteDisconnected('Remote end closed connection without response'),1
GET,/api/v1/contactservice/contacts/account/cc5be4d9-b4c0-4dfc-ae0b-90d2995f1a21,RemoteDisconnected('Remote end closed connection without response'),7
GET,/api/v1/contactservice/contacts/account/ed598c72-0f2e-4514-95a6-1083e953c25c,RemoteDisconnected('Remote end closed connection without response'),3
GET,/api/v1/contactservice/contacts/account/12db63d6-492b-4f1b-b4dd-a39ee24cdd77,RemoteDisconnected('Remote end closed connection without response'),6
GET,/api/v1/contactservice/contacts/account/664400d3-a246-4fee-98e7-15541e494dc2,RemoteDisconnected('Remote end closed connection without response'),12
GET,/api/v1/contactservice/contacts/account/f4d7edbe-0a91-4d28-9b20-a7dcec4420d6,RemoteDisconnected('Remote end closed connection without response'),3
GET,/api/v1/contactservice/contacts/account/4bbf671e-34a7-4d4e-9efd-67b249faa500,"ConnectionResetError(104, 'Connection reset by peer')",1
GET,/api/v1/contactservice/contacts/account/91919d6f-c8d8-4eee-91d3-bcff31ae2453,RemoteDisconnected('Remote end closed connection without response'),8
GET,/api/v1/assuranceservice/assurances/types,HTTPError('403 Client Error:  for url: /api/v1/assuranceservice/assurances/types'),307
GET,/api/v1/contactservice/contacts/account/a8c10710-0285-4e2b-9c08-75a1d2901ad3,RemoteDisconnected('Remote end closed connection without response'),2
GET,/api/v1/contactservice/contacts/account/f0893ad5-9fd3-4938-b502-9276a0c6d3a7,RemoteDisconnected('Remote end closed connection without response'),4
GET,/api/v1/contactservice/contacts/account/f88c5c26-41cb-4efb-8d7f-5e256c885d40,RemoteDisconnected('Remote end closed connection without response'),5
GET,/api/v1/contactservice/contacts/account/3f5e4778-796d-4c64-92c3-cda7c3a6dcd2,RemoteDisconnected('Remote end closed connection without response'),4
GET,/api/v1/contactservice/contacts/account/ac472403-8087-494b-bb86-4c14c7cc07a1,RemoteDisconnected('Remote end closed connection without response'),8
GET,/api/v1/contactservice/contacts/account/3cee3a57-f2a1-4c3a-84e7-5c7ec51b3ffc,"ConnectionResetError(104, 'Connection reset by peer')",1
GET,/api/v1/contactservice/contacts/account/2792015b-13dc-4439-8621-0f097ea1aaff,RemoteDisconnected('Remote end closed connection without response'),7
GET,/api/v1/contactservice/contacts/account/00e384a9-e3b7-4f1d-9577-50f2e2c8be6b,RemoteDisconnected('Remote end closed connection without response'),1
GET,/api/v1/contactservice/contacts/account/5e146de3-d3eb-4fcd-93ad-ecf605bd2846,RemoteDisconnected('Remote end closed connection without response'),3
GET,/api/v1/contactservice/contacts/account/7e9a1103-6eb0-4675-86d6-203ba1918bc2,RemoteDisconnected('Remote end closed connection without response'),5
GET,/client_login.html,"ConnectionResetError(104, 'Connection reset by peer')",78
GET,/api/v1/contactservice/contacts/account/cc5be4d9-b4c0-4dfc-ae0b-90d2995f1a21,"ConnectionResetError(104, 'Connection reset by peer')",1
GET,/api/v1/contactservice/contacts/account/c7688309-3d5c-4aae-b032-d0b56b68d2d0,RemoteDisconnected('Remote end closed connection without response'),2
GET,/api/v1/contactservice/contacts/account/836e1768-0abf-4253-ab41-792c78d291e2,RemoteDisconnected('Remote end closed connection without response'),2
GET,/api/v1/contactservice/contacts/account/82d65096-9fee-42f8-9c90-1232047b92e2,"ConnectionResetError(104, 'Connection reset by peer')",2
GET,/api/v1/foodservice/foods/2024-08-21/Shang%20Hai/Su%20Zhou/D1345,"ConnectionResetError(104, 'Connection reset by peer')",111
GET,/api/v1/contactservice/contacts/account/d41f127a-ded0-498b-be5d-5303bed468e9,RemoteDisconnected('Remote end closed connection without response'),8
GET,/api/v1/contactservice/contacts/account/8aa05a65-d702-490b-ae67-eb3543ce63f2,RemoteDisconnected('Remote end closed connection without response'),12
GET,/api/v1/contactservice/contacts/account/fc32b92d-7956-4998-ae02-5f4264b5a25a,RemoteDisconnected('Remote end closed connection without response'),12
GET,/api/v1/contactservice/contacts/account/de0b6797-3d11-4de1-8a23-d70d9a703465,RemoteDisconnected('Remote end closed connection without response'),8
GET,/api/v1/contactservice/contacts/account/c56c3a4d-2ba9-4759-a384-8e8195646cc5,RemoteDisconnected('Remote end closed connection without response'),12
GET,/api/v1/contactservice/contacts/account/958c137d-43a6-4219-b891-188b05d99855,RemoteDisconnected('Remote end closed connection without response'),6
GET,/api/v1/contactservice/contacts/account/9b304a17-5b9e-4da1-bfb5-8883a8785dbb,RemoteDisconnected('Remote end closed connection without response'),3
GET,/api/v1/contactservice/contacts/account/ebcfc96a-74c9-41b6-aefd-7904ab7024d3,"ConnectionResetError(104, 'Connection reset by peer')",1
GET,/api/v1/contactservice/contacts/account/874e63eb-acc5-4c9b-a69a-5f8152a7f937,RemoteDisconnected('Remote end closed connection without response'),7
GET,/api/v1/contactservice/contacts/account/d8de4889-8cf8-4cee-b56c-8dabf34087d4,RemoteDisconnected('Remote end closed connection without response'),9
GET,/api/v1/contactservice/contacts/account/da89a822-441a-4bab-abe2-152932067d56,RemoteDisconnected('Remote end closed connection without response'),3
GET,/api/v1/contactservice/contacts/account/c50607ae-5266-4007-977a-ff602b9eb12e,RemoteDisconnected('Remote end closed connection without response'),8
GET,/admin_user.html,RemoteDisconnected('Remote end closed connection without response'),33
GET,/api/v1/contactservice/contacts/account/8235e8c3-8f9c-40d4-9c45-a4b6cee47978,RemoteDisconnected('Remote end closed connection without response'),5
GET,/api/v1/contactservice/contacts/account/c983d8d0-7faf-4ae8-bf83-81e303cce84d,RemoteDisconnected('Remote end closed connection without response'),3
GET,/api/v1/contactservice/contacts/account/c9eee1c5-4f97-4b8d-bc56-8a8623242da4,RemoteDisconnected('Remote end closed connection without response'),3
GET,/api/v1/contactservice/contacts/account/ed8778ba-a373-4744-888b-0e893107087b,RemoteDisconnected('Remote end closed connection without response'),7
GET,/api/v1/contactservice/contacts/account/870f678e-470a-44bb-ba82-d04eb7f07995,RemoteDisconnected('Remote end closed connection without response'),10
GET,/api/v1/contactservice/contacts/account/83701792-3480-4306-99ea-84d189f2cfef,RemoteDisconnected('Remote end closed connection without response'),3
GET,/api/v1/contactservice/contacts/account/8a4cfab0-6a56-401f-b6e7-baabb992ff25,RemoteDisconnected('Remote end closed connection without response'),4
GET,/api/v1/contactservice/contacts/account/e28505f1-7a0e-44e6-83d1-05ba21f98b33,RemoteDisconnected('Remote end closed connection without response'),4
GET,/api/v1/contactservice/contacts/account/b1df014f-a19f-4f29-9bf7-d757f555ea9b,RemoteDisconnected('Remote end closed connection without response'),4
GET,/api/v1/contactservice/contacts/account/b7f0205a-5f6e-466c-8a58-ce987e318630,RemoteDisconnected('Remote end closed connection without response'),2
GET,/api/v1/contactservice/contacts/account/42f36bd6-13d6-42f6-83f4-bac2a43b07ee,RemoteDisconnected('Remote end closed connection without response'),4
GET,/api/v1/contactservice/contacts/account/37c45b14-48f6-4257-845c-f98ed5b33f05,RemoteDisconnected('Remote end closed connection without response'),4
GET,/api/v1/contactservice/contacts/account/f55e1b56-d15d-4a5c-b107-4b396d8819d0,RemoteDisconnected('Remote end closed connection without response'),1
POST,/api/v1/preserveservice/preserve,HTTPError('400 Client Error:  for url: /api/v1/preserveservice/preserve'),1
GET,/api/v1/contactservice/contacts/account/0ca05130-84d9-48cb-9269-c8061eeac117,RemoteDisconnected('Remote end closed connection without response'),3
GET,/api/v1/contactservice/contacts/account/69349b61-0857-46d5-a432-11fe56a24335,RemoteDisconnected('Remote end closed connection without response'),5
GET,/api/v1/contactservice/contacts/account/876efdac-a037-461d-9764-e1a4ca1945de,RemoteDisconnected('Remote end closed connection without response'),6
GET,/api/v1/contactservice/contacts/account/bc777eb6-ff90-484f-a660-b1f002a5cac1,RemoteDisconnected('Remote end closed connection without response'),2
GET,/api/v1/contactservice/contacts/account/15a884b5-ee69-4b95-a361-e166528d9f02,"ConnectionResetError(104, 'Connection reset by peer')",1
GET,/api/v1/contactservice/contacts/account/e0794907-10fe-4b5a-9708-58befb0c7ab4,"ConnectionResetError(104, 'Connection reset by peer')",1
GET,/api/v1/contactservice/contacts/account/87292fd2-58b5-4acc-8c70-cce99f114003,RemoteDisconnected('Remote end closed connection without response'),2
GET,/api/v1/contactservice/contacts/account/9039ac8b-3af0-451d-a6c2-36cf766e2e42,RemoteDisconnected('Remote end closed connection without response'),7
POST,/api/v1/travelservice/trips/left,HTTPError('504 Server Error: Gateway Time-out for url: /api/v1/travelservice/trips/left'),432
GET,/api/v1/contactservice/contacts/account/7f859378-e84e-45f3-a278-d2446d6107cd,RemoteDisconnected('Remote end closed connection without response'),15
GET,/api/v1/contactservice/contacts/account/84aa653c-99d2-4fcb-9246-8c7993bc8815,RemoteDisconnected('Remote end closed connection without response'),7
GET,/api/v1/contactservice/contacts/account/b4b0e0d9-b0f3-4209-8089-caeaad0e45ca,RemoteDisconnected('Remote end closed connection without response'),8
GET,/api/v1/contactservice/contacts/account/02fd39b8-2530-4af9-bf39-f1045eca7d58,RemoteDisconnected('Remote end closed connection without response'),7
GET,/api/v1/contactservice/contacts/account/,HTTPError('500 Server Error:  for url: /api/v1/contactservice/contacts/account/'),54
GET,/api/v1/contactservice/contacts/account/1ba17d11-9738-4d76-ba2b-116dccd2613a,RemoteDisconnected('Remote end closed connection without response'),7
GET,/api/v1/contactservice/contacts/account/c0107e14-8f27-4aae-8538-3ed1f0558d82,"ConnectionResetError(104, 'Connection reset by peer')",1
GET,/api/v1/contactservice/contacts/account/b4b0e0d9-b0f3-4209-8089-caeaad0e45ca,"ConnectionResetError(104, 'Connection reset by peer')",5
GET,/api/v1/contactservice/contacts/account/9e82384f-e879-4397-ab54-2b563ce1345b,RemoteDisconnected('Remote end closed connection without response'),7
GET,/api/v1/contactservice/contacts/account/69a0cc31-8c68-4093-8fa4-7742d6dc2adc,RemoteDisconnected('Remote end closed connection without response'),10
GET,/api/v1/contactservice/contacts/account/75fd0627-60b4-4584-ba5b-ee61d7d29cdf,RemoteDisconnected('Remote end closed connection without response'),4
GET,/api/v1/contactservice/contacts/account/6439ffd2-9377-429e-a29f-d6090b825851,RemoteDisconnected('Remote end closed connection without response'),4
GET,/api/v1/adminuserservice/users,RemoteDisconnected('Remote end closed connection without response'),509
GET,/api/v1/contactservice/contacts/account/95b35c72-b71c-47fd-b51e-2d7945c235b2,RemoteDisconnected('Remote end closed connection without response'),7
GET,/api/v1/contactservice/contacts/account/f670d386-8479-4f66-80cf-e996cdb6837b,RemoteDisconnected('Remote end closed connection without response'),18
GET,/api/v1/contactservice/contacts/account/f1521543-24b4-436a-8f43-da6969fe491e,RemoteDisconnected('Remote end closed connection without response'),1
GET,/api/v1/contactservice/contacts/account/e55bc813-7cf6-442b-b0ce-2fb1cca4104e,RemoteDisconnected('Remote end closed connection without response'),9
GET,/api/v1/contactservice/contacts/account/8fe2819b-a80f-47e1-86e3-d533118fb491,RemoteDisconnected('Remote end closed connection without response'),2
GET,/api/v1/contactservice/contacts/account/1022a16a-578a-47df-844a-3605476515c4,RemoteDisconnected('Remote end closed connection without response'),5
GET,/api/v1/contactservice/contacts/account/49f696de-f2a6-4c09-be12-1f4a64c6d6d5,RemoteDisconnected('Remote end closed connection without response'),5
GET,/index.html,"ConnectionResetError(104, 'Connection reset by peer')",97
GET,/api/v1/contactservice/contacts/account/1cdb9bcb-ceb2-4898-8ef0-bd6c1b917536,RemoteDisconnected('Remote end closed connection without response'),2
GET,/api/v1/contactservice/contacts/account/877682b9-877f-4a4b-8f85-4061f5091a3d,RemoteDisconnected('Remote end closed connection without response'),12
GET,/api/v1/contactservice/contacts/account/72647379-fba6-4da1-83d7-833dc4b875e2,RemoteDisconnected('Remote end closed connection without response'),5
GET,/api/v1/contactservice/contacts/account/4b7dbe59-dc8e-47a4-8172-b1b71b40b69c,RemoteDisconnected('Remote end closed connection without response'),5
GET,/api/v1/contactservice/contacts/account/9e6035a5-b3aa-4c0c-8df6-018070cef6ab,RemoteDisconnected('Remote end closed connection without response'),5
GET,/api/v1/contactservice/contacts/account/f68b5c67-a5a5-4176-8ec8-d403072f4d10,RemoteDisconnected('Remote end closed connection without response'),6
GET,/api/v1/contactservice/contacts/account/2c12c86a-5ae4-4206-84da-1b912b58fb2a,RemoteDisconnected('Remote end closed connection without response'),1
GET,/api/v1/contactservice/contacts/account/ba087919-6c88-4075-aa52-dea2fa7fbebb,RemoteDisconnected('Remote end closed connection without response'),4
GET,/api/v1/contactservice/contacts/account/c796b1bf-696f-4d5a-b319-6852a341eb7d,RemoteDisconnected('Remote end closed connection without response'),1
GET,/api/v1/contactservice/contacts/account/e548626f-3e08-4a1f-81ac-0a4635fe9cbf,RemoteDisconnected('Remote end closed connection without response'),13
GET,/api/v1/contactservice/contacts/account/100ca892-ea2a-445d-8dad-e8adbca9781d,RemoteDisconnected('Remote end closed connection without response'),18
GET,/api/v1/contactservice/contacts/account/716893db-db9e-4e55-9c1d-0ca40945a84d,RemoteDisconnected('Remote end closed connection without response'),13
GET,/api/v1/contactservice/contacts/account/f66aad0a-4a02-4ce4-a641-b20c2aa7b029,RemoteDisconnected('Remote end closed connection without response'),5
GET,/api/v1/contactservice/contacts/account/f2170b6a-fa67-4f51-b700-3aba24b82570,RemoteDisconnected('Remote end closed connection without response'),4
GET,/api/v1/contactservice/contacts/account/3a8a4fe5-6ebb-4ab8-ac2f-e7dd3ed02b12,RemoteDisconnected('Remote end closed connection without response'),12
GET,/api/v1/contactservice/contacts/account/3748e47b-166d-415c-8417-622922972aa7,RemoteDisconnected('Remote end closed connection without response'),3
GET,/api/v1/contactservice/contacts/account/d35d7ac2-3bea-49ef-bfeb-0399931bd344,"ConnectionResetError(104, 'Connection reset by peer')",1
GET,/api/v1/contactservice/contacts/account/06fef684-cde7-492e-988f-536411d6edbd,RemoteDisconnected('Remote end closed connection without response'),4
GET,/api/v1/contactservice/contacts/account/09b8fce4-f1be-49bb-aa02-0b6181c08363,RemoteDisconnected('Remote end closed connection without response'),6
GET,/api/v1/contactservice/contacts/account/26ba82fd-67c6-4d4d-8f27-67cdac9686fd,RemoteDisconnected('Remote end closed connection without response'),6
GET,/api/v1/contactservice/contacts/account/81f9df6b-a9aa-4a2d-9925-4fe7a5f9d7f5,RemoteDisconnected('Remote end closed connection without response'),3
GET,/api/v1/contactservice/contacts/account/dc6b37c3-808f-4702-8675-ee7f3fea5081,RemoteDisconnected('Remote end closed connection without response'),8
GET,/client_ticket_book.html?tripId=D1345&from=Shang%20Hai&to=Su%20Zhou&seatType=2&seat_price=50.0&date=2024-08-21,"ConnectionResetError(104, 'Connection reset by peer')",101
GET,/api/v1/contactservice/contacts/account/2fefdd1a-f383-4668-bbf8-210898517623,RemoteDisconnected('Remote end closed connection without response'),6
GET,/api/v1/contactservice/contacts/account/6a1d4139-c7be-4011-98d3-3ad1af93b5a6,RemoteDisconnected('Remote end closed connection without response'),8
POST,/api/v1/users/login,"ConnectionResetError(104, 'Connection reset by peer')",209
GET,/api/v1/contactservice/contacts/account/6ebf9e2d-ac13-4f8f-a950-4efd40136951,RemoteDisconnected('Remote end closed connection without response'),4
GET,/api/v1/contactservice/contacts/account/6663fe9c-92c8-4f96-a8ff-6d2b79ac131b,"ConnectionResetError(104, 'Connection reset by peer')",1
GET,/api/v1/contactservice/contacts/account/b7a9393f-2e65-4853-861b-acdf27b2d16e,"ConnectionResetError(104, 'Connection reset by peer')",1
GET,/api/v1/contactservice/contacts/account/00feeb67-4509-4c55-9cfb-2267dc54ff25,RemoteDisconnected('Remote end closed connection without response'),13
GET,/api/v1/contactservice/contacts/account/5485f257-f4b0-4c20-8407-c0a2ff834b68,RemoteDisconnected('Remote end closed connection without response'),5
GET,/api/v1/contactservice/contacts/account/8662e289-59da-4a07-925b-1544a419dd45,RemoteDisconnected('Remote end closed connection without response'),6
GET,/api/v1/contactservice/contacts/account/288bd874-95d3-48dc-9e37-113ad5b828ab,RemoteDisconnected('Remote end closed connection without response'),8
GET,/api/v1/contactservice/contacts/account/9f2e5259-539d-4079-a4ee-ef06fed572c7,RemoteDisconnected('Remote end closed connection without response'),7
GET,/api/v1/contactservice/contacts/account/9ff2e6df-2b0a-488e-805b-7a94ed23365e,"ConnectionResetError(104, 'Connection reset by peer')",1
GET,/api/v1/contactservice/contacts/account/095beffa-ec53-4e1e-a74e-13e5d317d580,RemoteDisconnected('Remote end closed connection without response'),9
GET,/api/v1/contactservice/contacts/account/27572c37-c033-439d-8b14-5d4fbd64d782,RemoteDisconnected('Remote end closed connection without response'),7
GET,/api/v1/contactservice/contacts/account/b0591f82-9334-4df1-9290-0a11d2954754,RemoteDisconnected('Remote end closed connection without response'),5
GET,/api/v1/contactservice/contacts/account/729e300e-81c6-404a-901b-d463160051ec,RemoteDisconnected('Remote end closed connection without response'),5
GET,/api/v1/contactservice/contacts/account/06db580d-ace7-464b-896b-afb44a0ff822,RemoteDisconnected('Remote end closed connection without response'),8
GET,/api/v1/contactservice/contacts/account/57240991-c0da-4fde-8288-18581427a319,RemoteDisconnected('Remote end closed connection without response'),6
GET,/api/v1/contactservice/contacts/account/35af5074-e89c-4b74-b402-d9160be1543e,"ConnectionResetError(104, 'Connection reset by peer')",1
GET,/api/v1/contactservice/contacts/account/27636d15-5df2-4ac4-9bc0-2ff158340cee,RemoteDisconnected('Remote end closed connection without response'),4
GET,/api/v1/verifycode/generate,RemoteDisconnected('Remote end closed connection without response'),9974
GET,/api/v1/contactservice/contacts/account/88d0ae20-6338-4dd4-b94b-1a761ef34bdb,RemoteDisconnected('Remote end closed connection without response'),4
GET,/api/v1/contactservice/contacts/account/9a467b86-3bea-428d-8935-215231bef7f8,RemoteDisconnected('Remote end closed connection without response'),3
GET,/api/v1/contactservice/contacts/account/d35d7ac2-3bea-49ef-bfeb-0399931bd344,RemoteDisconnected('Remote end closed connection without response'),5
GET,/api/v1/contactservice/contacts/account/629328c4-031d-4318-8ea5-5d2adaef7d4a,RemoteDisconnected('Remote end closed connection without response'),4
GET,/api/v1/contactservice/contacts/account/2774898c-4a6a-4ed7-884e-97ec5c5a39a7,RemoteDisconnected('Remote end closed connection without response'),8
GET,/api/v1/contactservice/contacts/account/81563fab-0bc3-4d2d-ac7c-3c08ab4b7ba0,RemoteDisconnected('Remote end closed connection without response'),4
GET,/api/v1/contactservice/contacts/account/e081e71c-26f8-45f0-bbb1-d8556dc3cf12,"ConnectionResetError(104, 'Connection reset by peer')",2
GET,/api/v1/contactservice/contacts/account/d3ace2c2-4610-48eb-993c-bdc724e523b0,RemoteDisconnected('Remote end closed connection without response'),5
GET,/api/v1/contactservice/contacts/account/9ff2e6df-2b0a-488e-805b-7a94ed23365e,RemoteDisconnected('Remote end closed connection without response'),6
GET,/api/v1/contactservice/contacts/account/8c888f62-ac0f-4ffc-a80c-cc6f70f7eaf1,RemoteDisconnected('Remote end closed connection without response'),3
GET,/api/v1/contactservice/contacts/account/77e765d8-3d6f-4522-8b6b-139c3dac10d4,RemoteDisconnected('Remote end closed connection without response'),1
GET,/api/v1/contactservice/contacts/account/09394600-ebd2-447d-8a79-7b3855ae830f,RemoteDisconnected('Remote end closed connection without response'),15
GET,/api/v1/contactservice/contacts/account/6663fe9c-92c8-4f96-a8ff-6d2b79ac131b,RemoteDisconnected('Remote end closed connection without response'),5
GET,/api/v1/contactservice/contacts/account/3a52375c-84b6-4380-ae85-6700deaee9a9,RemoteDisconnected('Remote end closed connection without response'),4
GET,/api/v1/contactservice/contacts/account/30107eaa-00dd-425e-ae5c-4e3ef40bb826,RemoteDisconnected('Remote end closed connection without response'),12
GET,/api/v1/contactservice/contacts/account/e14025e2-7f2a-4d81-ac36-5e8b5567b3dd,RemoteDisconnected('Remote end closed connection without response'),3
GET,/api/v1/contactservice/contacts/account/011f750f-bc59-4281-96d1-688535e70864,RemoteDisconnected('Remote end closed connection without response'),6
GET,/api/v1/contactservice/contacts/account/9736c55f-efdc-4c73-a1eb-7af84eda057f,RemoteDisconnected('Remote end closed connection without response'),5
GET,/api/v1/contactservice/contacts/account/48fd30dc-f88a-4833-bed1-7d69579142ba,"ConnectionResetError(104, 'Connection reset by peer')",1
GET,/api/v1/contactservice/contacts/account/e081e71c-26f8-45f0-bbb1-d8556dc3cf12,RemoteDisconnected('Remote end closed connection without response'),5
GET,/api/v1/contactservice/contacts/account/a439950c-4cea-432e-b0ae-9d61f6d7fd2a,RemoteDisconnected('Remote end closed connection without response'),3
GET,/api/v1/contactservice/contacts/account/10bd5e7c-664e-4566-8743-91c4562501db,RemoteDisconnected('Remote end closed connection without response'),5
GET,/api/v1/contactservice/contacts/account/89f2214c-98d4-4ef7-8c69-833dba86dab9,RemoteDisconnected('Remote end closed connection without response'),5
GET,/api/v1/contactservice/contacts/account/16e2e8cf-a67c-4c90-8cbd-e214a220569e,RemoteDisconnected('Remote end closed connection without response'),10
GET,/api/v1/contactservice/contacts/account/e14025e2-7f2a-4d81-ac36-5e8b5567b3dd,"ConnectionResetError(104, 'Connection reset by peer')",1
GET,/api/v1/contactservice/contacts/account/fff44338-5b6c-489d-924b-342a9ae5e237,RemoteDisconnected('Remote end closed connection without response'),5
GET,/api/v1/contactservice/contacts/account/6a68b939-b1ac-41ae-80f4-0e62e49b4d1f,RemoteDisconnected('Remote end closed connection without response'),6
GET,/api/v1/contactservice/contacts/account/f8b46c22-56a8-42f1-baed-8c07dc577967,RemoteDisconnected('Remote end closed connection without response'),7
GET,/api/v1/contactservice/contacts/account/7dcad62a-2141-4e00-8fdc-b3b3ffce63a9,"ConnectionResetError(104, 'Connection reset by peer')",1
GET,/api/v1/contactservice/contacts/account/a4b6dae1-e22a-41fb-af0a-6974167e48e9,RemoteDisconnected('Remote end closed connection without response'),2
GET,/api/v1/contactservice/contacts/account/565f0b92-ee9a-4e67-ad3b-215f85f675dc,RemoteDisconnected('Remote end closed connection without response'),6
GET,/api/v1/contactservice/contacts/account/7787d1e8-c306-4036-b084-80bf2df618b2,RemoteDisconnected('Remote end closed connection without response'),5
GET,/api/v1/contactservice/contacts/account/0ffcf7e6-af73-4cb5-ba5d-e44421a95b77,RemoteDisconnected('Remote end closed connection without response'),5
GET,/api/v1/contactservice/contacts/account/fd54f92b-e8af-4e7a-8c87-2da77783e818,RemoteDisconnected('Remote end closed connection without response'),5
GET,/api/v1/contactservice/contacts/account/80fab5c5-b40e-4164-803a-f7ae37116b00,RemoteDisconnected('Remote end closed connection without response'),9
GET,/api/v1/contactservice/contacts/account/a03024fd-f337-498f-9392-d4443429d91e,RemoteDisconnected('Remote end closed connection without response'),4
GET,/api/v1/contactservice/contacts/account/ca0b0b5a-224d-44b1-bf5b-d5408579f366,RemoteDisconnected('Remote end closed connection without response'),3
GET,/api/v1/contactservice/contacts/account/27c67ce3-6b10-4708-80bb-741ed43908e2,RemoteDisconnected('Remote end closed connection without response'),3
GET,/api/v1/contactservice/contacts/account/7b7b393c-4c9e-41b1-9c0d-5c6161596d72,RemoteDisconnected('Remote end closed connection without response'),8
GET,/api/v1/contactservice/contacts/account/ebcfc96a-74c9-41b6-aefd-7904ab7024d3,RemoteDisconnected('Remote end closed connection without response'),4
GET,/api/v1/contactservice/contacts/account/a28f663e-8208-4745-be7a-b8af2b9029fb,RemoteDisconnected('Remote end closed connection without response'),13
GET,/api/v1/contactservice/contacts/account/f7b9cd5a-e5d5-4b47-aed7-5a9c2e15e9bc,RemoteDisconnected('Remote end closed connection without response'),6
GET,/api/v1/contactservice/contacts/account/0c1616b9-6cb6-44ab-b040-43f884fa16f9,RemoteDisconnected('Remote end closed connection without response'),5
GET,/api/v1/contactservice/contacts/account/8551b21b-92c3-4603-a95f-a506d2912610,RemoteDisconnected('Remote end closed connection without response'),6
GET,/api/v1/contactservice/contacts/account/bc33014e-ebb1-4ebe-9068-8d6dda8499e3,RemoteDisconnected('Remote end closed connection without response'),10
GET,/api/v1/contactservice/contacts/account/29eda5e6-1292-458f-8db6-4df480a4c61f,RemoteDisconnected('Remote end closed connection without response'),6
GET,/api/v1/contactservice/contacts/account/badecfe6-cf43-471b-8a9a-25b54ae5b034,RemoteDisconnected('Remote end closed connection without response'),10
GET,/api/v1/contactservice/contacts/account/e7169d1b-b5f7-4bc3-b3b1-92894ddc5b47,RemoteDisconnected('Remote end closed connection without response'),5
GET,/api/v1/contactservice/contacts/account/e10f641f-3736-43ee-b082-0cc6e1428e79,RemoteDisconnected('Remote end closed connection without response'),10
GET,/adminlogin.html,RemoteDisconnected('Remote end closed connection without response'),4764
GET,/api/v1/contactservice/contacts/account/a872312e-275c-49ef-ae67-bb46bbc6ea54,RemoteDisconnected('Remote end closed connection without response'),9
GET,/api/v1/contactservice/contacts/account/267bc208-8e5b-4575-834a-62e6317bd443,RemoteDisconnected('Remote end closed connection without response'),8
GET,/api/v1/contactservice/contacts/account/5c21138a-aa43-4e09-bd8b-4dd9564161b8,RemoteDisconnected('Remote end closed connection without response'),2
GET,/api/v1/contactservice/contacts/account/5224872a-db8e-46b0-a5fd-41e81664bbc7,RemoteDisconnected('Remote end closed connection without response'),4
GET,/api/v1/contactservice/contacts/account/53b35d9b-2960-4c77-89c4-a56aa374cd6b,RemoteDisconnected('Remote end closed connection without response'),4
GET,/api/v1/contactservice/contacts/account/52f73400-6724-412f-96df-865e574ae5fc,RemoteDisconnected('Remote end closed connection without response'),5
GET,/api/v1/contactservice/contacts/account/7d0c5833-d558-4d7e-89ec-ab976243d6c6,RemoteDisconnected('Remote end closed connection without response'),8
GET,/api/v1/contactservice/contacts/account/09b91733-c3d1-4332-95a3-911aceb60c42,RemoteDisconnected('Remote end closed connection without response'),5
GET,/api/v1/contactservice/contacts/account/7fb61107-3cd9-45e7-b818-f378c1bf8654,RemoteDisconnected('Remote end closed connection without response'),6
GET,/api/v1/contactservice/contacts/account/419f5e78-bfd8-4dc2-bd15-8dd91beb519c,RemoteDisconnected('Remote end closed connection without response'),4
GET,/api/v1/contactservice/contacts/account/6b828302-7d14-4c8f-8a4b-903c5d37e7bd,RemoteDisconnected('Remote end closed connection without response'),2
GET,/api/v1/contactservice/contacts/account/4b5b378b-c10d-451c-9535-ebc4106a8db6,RemoteDisconnected('Remote end closed connection without response'),2
GET,/api/v1/contactservice/contacts/account/31e83439-5e36-46b8-a43e-37d365d281f1,RemoteDisconnected('Remote end closed connection without response'),5
GET,/api/v1/contactservice/contacts/account/5e4910fd-a499-4073-a25b-7c232a9948b6,RemoteDisconnected('Remote end closed connection without response'),14
GET,/api/v1/contactservice/contacts/account/917cf83e-b92c-4c68-a062-551acb1f2087,RemoteDisconnected('Remote end closed connection without response'),3
GET,/api/v1/contactservice/contacts/account/9a196daa-8364-41b8-a6b1-dde4936352b2,RemoteDisconnected('Remote end closed connection without response'),7
GET,/api/v1/contactservice/contacts/account/c2a3bfe2-3ba2-4359-ad89-2343e8120644,RemoteDisconnected('Remote end closed connection without response'),10
GET,/api/v1/contactservice/contacts/account/b150cbbb-f02d-4da3-af6a-1885bc7d75b0,RemoteDisconnected('Remote end closed connection without response'),7
GET,/api/v1/contactservice/contacts/account/29c43d65-93e0-4764-980e-b3d5b1116e8f,RemoteDisconnected('Remote end closed connection without response'),3
GET,/api/v1/contactservice/contacts/account/85d4a7a5-002c-4656-bae4-086c3868f77f,RemoteDisconnected('Remote end closed connection without response'),12
GET,/api/v1/contactservice/contacts/account/983408f4-cdf6-465d-b4f0-151af20f7336,RemoteDisconnected('Remote end closed connection without response'),4
GET,/api/v1/contactservice/contacts/account/0ecfb11a-3c84-433b-87ee-a9108954b1e7,RemoteDisconnected('Remote end closed connection without response'),5
GET,/api/v1/contactservice/contacts/account/5adc7716-49be-422a-9ba0-7fef16782380,RemoteDisconnected('Remote end closed connection without response'),4
GET,/api/v1/contactservice/contacts/account/e2415ff0-2430-4c1e-8784-339a3c4a1680,"ConnectionResetError(104, 'Connection reset by peer')",1
GET,/api/v1/contactservice/contacts/account/6d3a9071-2168-45d3-a9d6-a40fa68268ea,RemoteDisconnected('Remote end closed connection without response'),11
GET,/api/v1/contactservice/contacts/account/6880037a-c455-4024-861e-8819b1070b37,RemoteDisconnected('Remote end closed connection without response'),8
GET,/api/v1/contactservice/contacts/account/8becfc53-b888-4487-80eb-866333d94c16,"ConnectionResetError(104, 'Connection reset by peer')",1
POST,/api/v1/travelservice/trips/left,"ConnectionResetError(104, 'Connection reset by peer')",106
GET,/api/v1/contactservice/contacts/account/7ecc102c-c936-4afa-ba07-272c629ce0cb,RemoteDisconnected('Remote end closed connection without response'),5
GET,/api/v1/contactservice/contacts/account/f23b8633-6668-4690-8c74-73e360d09629,RemoteDisconnected('Remote end closed connection without response'),4
GET,/api/v1/adminorderservice/adminorder,RemoteDisconnected('Remote end closed connection without response'),508
GET,/api/v1/contactservice/contacts/account/3c727fc5-d276-4c4c-9df2-0e3bf76c40c8,RemoteDisconnected('Remote end closed connection without response'),7
GET,/api/v1/contactservice/contacts/account/1fc0d515-2543-4c3b-945c-cfc7dd165d12,RemoteDisconnected('Remote end closed connection without response'),9
GET,/api/v1/contactservice/contacts/account/41057709-dc9f-45d1-8255-b2e9589d1f87,RemoteDisconnected('Remote end closed connection without response'),7
GET,/api/v1/contactservice/contacts/account/16302200-c26d-4736-87f7-98aa0738aa25,RemoteDisconnected('Remote end closed connection without response'),4
GET,/api/v1/contactservice/contacts/account/f90a4c6e-5514-4d62-82c3-a94a47f28b72,RemoteDisconnected('Remote end closed connection without response'),6
GET,/api/v1/contactservice/contacts/account/72a252dd-ee1c-4ebd-b902-554ff96a9221,RemoteDisconnected('Remote end closed connection without response'),10
GET,/api/v1/contactservice/contacts/account/6ce6da91-d668-4d3a-8abe-2f9e1b1e55cd,RemoteDisconnected('Remote end closed connection without response'),10
GET,/api/v1/contactservice/contacts/account/c2262dcc-626f-4e64-9bf8-b4b7df5fe8eb,RemoteDisconnected('Remote end closed connection without response'),9
GET,/api/v1/contactservice/contacts/account/a2a8366d-37ae-4bda-b4ab-99205075695e,RemoteDisconnected('Remote end closed connection without response'),4
GET,/api/v1/contactservice/contacts/account/2774898c-4a6a-4ed7-884e-97ec5c5a39a7,"ConnectionResetError(104, 'Connection reset by peer')",1
GET,/api/v1/contactservice/contacts/account/9fd801c2-2797-42d7-868c-ddb976640fa3,RemoteDisconnected('Remote end closed connection without response'),3
GET,/api/v1/contactservice/contacts/account/8aa05a65-d702-490b-ae67-eb3543ce63f2,"ConnectionResetError(104, 'Connection reset by peer')",1
GET,/api/v1/contactservice/contacts/account/fa2f8978-4cbe-4fdc-a976-18e0acbf1917,RemoteDisconnected('Remote end closed connection without response'),2
GET,/api/v1/foodservice/foods/2024-08-21/Shang%20Hai/Su%20Zhou/D1345,RemoteDisconnected('Remote end closed connection without response'),4591
GET,/api/v1/contactservice/contacts/account/39bab37b-793e-4a8c-a838-fa6a03d7fdc1,RemoteDisconnected('Remote end closed connection without response'),6
GET,/api/v1/contactservice/contacts/account/5b7a76d3-b2c3-4ac2-85bb-2ebe48e9af8e,RemoteDisconnected('Remote end closed connection without response'),6
GET,/api/v1/contactservice/contacts/account/a4219384-8c17-4966-8668-52283ed796f9,RemoteDisconnected('Remote end closed connection without response'),3
GET,/api/v1/contactservice/contacts/account/8b99df06-7fc4-45e1-a376-5b97c4514867,RemoteDisconnected('Remote end closed connection without response'),2
GET,/api/v1/contactservice/contacts/account/06fef684-cde7-492e-988f-536411d6edbd,"ConnectionResetError(104, 'Connection reset by peer')",1
GET,/api/v1/contactservice/contacts/account/d3dc9986-c296-4960-83b9-916b42eea0f3,RemoteDisconnected('Remote end closed connection without response'),13
GET,/api/v1/contactservice/contacts/account/1b9e8dc4-0982-4b46-93b0-597694015c92,RemoteDisconnected('Remote end closed connection without response'),2
POST,/api/v1/contactservice/contacts,RemoteDisconnected('Remote end closed connection without response'),17
GET,/api/v1/contactservice/contacts/account/81bffc8f-a500-40d1-821c-095096269cab,RemoteDisconnected('Remote end closed connection without response'),6
GET,/api/v1/contactservice/contacts/account/a09e6103-c38c-4e4c-ae61-13781c7e844e,RemoteDisconnected('Remote end closed connection without response'),8
GET,/api/v1/contactservice/contacts/account/fd49a253-5bc6-4f01-bd4f-c7ce27695c62,RemoteDisconnected('Remote end closed connection without response'),3
GET,/api/v1/contactservice/contacts/account/6b828302-7d14-4c8f-8a4b-903c5d37e7bd,"ConnectionResetError(104, 'Connection reset by peer')",1
GET,/api/v1/contactservice/contacts/account/28ad248b-11dd-42c8-b9f0-7b2e1592fe49,"ConnectionResetError(104, 'Connection reset by peer')",1
GET,/api/v1/contactservice/contacts/account/f82c0972-a91b-43b7-9935-43427138e15b,RemoteDisconnected('Remote end closed connection without response'),2
GET,/api/v1/contactservice/contacts/account/96f5b7d9-b859-4544-81a8-aaf953d24192,RemoteDisconnected('Remote end closed connection without response'),4
