time,carts_cpu,carts-db_cpu,catalogue_cpu,catalogue-db_cpu,front-end_cpu,orders_cpu,orders-db_cpu,payment_cpu,queue-master_cpu,rabbitmq_cpu,shipping_cpu,user_cpu,user-db_cpu,carts_memory,carts-db_memory,catalogue_memory,catalogue-db_memory,front-end_memory,orders_memory,orders-db_memory,payment_memory,queue-master_memory,rabbitmq_memory,shipping_memory,user_memory,user-db_memory,carts_memory_rss,carts-db_memory_rss,catalogue_memory_rss,catalogue-db_memory_rss,front-end_memory_rss,orders_memory_rss,orders-db_memory_rss,payment_memory_rss,queue-master_memory_rss,rabbitmq_memory_rss,shipping_memory_rss,user_memory_rss,user-db_memory_rss,carts_memory_cache,carts-db_memory_cache,catalogue_memory_cache,catalogue-db_memory_cache,front-end_memory_cache,orders_memory_cache,orders-db_memory_cache,payment_memory_cache,queue-master_memory_cache,rabbitmq_memory_cache,shipping_memory_cache,user_memory_cache,user-db_memory_cache,carts-db_disk,catalogue-db_disk,front-end_disk,orders_disk,orders-db_disk,rabbitmq_disk,user-db_disk,carts_power,carts-db_power,catalogue_power,catalogue-db_power,front-end_power,orders_power,orders-db_power,payment_power,queue-master_power,rabbitmq_power,shipping_power,user_power,user-db_power
1720474372.229,0.05203122487836998,0.007031575406242641,0.0038855762116940975,0.0015405702437063834,0.012193437555769711,0.01508434653483273,0.004860437074557895,0.0018507548582379592,0.004872838204462008,0.09057096050311723,0.0049583620005053935,0.0054093562452950375,0.006837466388211675,36927079.9283023,10284187.025597362,750219.4416659089,8306.039679929847,1130833.4225648711,30314079.06412415,7530044.468141829,365561.012304551,52333969.21422811,8592465.019902939,7244699.2744468115,466311.65672592504,2434221.1386777577,56562.16848959286,19144.001014474376,670.4373920160044,5537.359786619898,61256.52282542741,7494535.484688794,363.99182440238155,9757.097057295863,807.3828509990143,3616394.932475417,295.70804605999353,2846.2562974115467,6241.216119317368,0,0,0,0,0,2076.8910378298106,0,0,0,0,0,0,0,0,0,0,0,0,0,0,0.02972116948815764,0.0019056898141194827,0.0008676336587173118,0.0005044659926305138,0.0043728502479744155,0.0005811920302581079,0.0007777229893352073,0.00038752912633445105,0.0008118504553578538,0.012103299653613791,0.0006609809627540122,0.0008916302314336034,0.0007513556102014134
1720474377.229,0.3127600355660065,0.023376410218030334,0.005957576683937824,0.004867534349099743,0.0394184350713153,0.08977348583241453,0.00496364301583634,0.0018837069971922558,0.0048881186745902685,0.08881249153750548,0.004582104760348028,0.00675746709646344,0.007676680892373068,37070252.26880258,10237082.25279977,823526.1857313672,21144.3269505573,1256688.9691938888,66443035.94266813,7528492.117377316,377020.2453081128,52593289.10498829,8641263.342593947,14578260.556857187,671402.0405992925,2491240.6769726723,7335161.406473895,26665.99339957801,1306.0183339976088,19461.56044584167,178134.74542917454,25391361.411245864,436.8057160122993,10062.952563913106,958.9050963443184,3635806.404445095,297.5716958172142,2882.2048737881964,8327.643050772951,0,73.8670177273629,0,0,0,17184500.804116134,0,0,0,0,0,0,0,0,0,0,0,0,0,0,0.10861597157356721,0.008342190420256794,0.0020696636813424133,0.0015978672584857606,0.011133992921502944,0.0022519326278770137,0.0006985867660150561,0.0003725741709718283,0.0007738132872010839,0.01124658860783318,0.000777252161025664,0.0009020517906047957,0.0009852173658659773
1720474382.229,0.4150597142280673,0.04407739969547336,0.011658792434904995,0.007706928303437437,0.06675205170381578,0.39641128686095983,0.004857047130886817,0.0020162625858951176,0.0051195814328664786,0.0857835095764769,0.004677639554203158,0.008679155963471326,0.009148962983524354,36896981.969588585,10373102.609521376,742454.0464461646,25612.80640320161,1491963.4783526557,107222613.58616602,7699366.232255485,359529.54792043404,53540024.34553054,8500940.27515511,14984384.86381541,666522.9039192989,1833444.1260744985,14510789.41286524,663755.3003049616,11601.970443349754,23417.422997212896,424422.35631476174,49530348.0400079,446.69829325481214,296.2748643761302,901.0779496956809,3576532.470101609,458.7899266339351,3085.754184811569,8142.120343839541,0,74.79775752816786,0,0,0,17030788.543786623,0,0,0,0,0,0,73.35243553008596,0,0,0,0,0,0,0,0.1501778777043884,0.010374527260421073,0.0024838152330935205,0.001814957345783643,0.013763863454274716,0.1742090345581115,0.0006617171876406409,0.0006110706925719052,0.0007942813831482117,0.013989913879138585,0.0007539473324244296,0.002259591742268653,0.0013782007044469593
1720474387.229,0.4926898335554726,0.05892874235583093,0.0161142937722007,0.011709936004421112,0.09091914982837176,0.6734954355930014,0.004926599838289463,0.0023628048005201467,0.005043710754039806,0.08232301090688747,0.004220338072236255,0.013587209064327484,0.010721394161913958,35752050.754385024,10501620.758483035,949881.869946272,33878.67735101777,1592473.064834442,153389049.3169374,7611104.698589525,359081.5077028662,53205466.251298025,6513242.430363012,7344755.882460571,457233.5480050337,2487931.342358922,14059868.848963052,674793.8197678718,12429.180872141798,30483.264253477017,483145.9688619253,76109586.77015541,441.5775761387117,295.9056511766512,895.4473410941685,1829252.3457152825,374.72097193252097,7201.125175808721,8209.76294163736,0,75.70045094995196,0,0,0,17232583.06276064,0,0,0,0,0,0,74.63420856033964,0,0,0,0,0,0,0,0.1781216061194069,0.018924460313947202,0.004591520814714715,0.0035293910508701182,0.027049972125874084,0.300596305725757,0.0006724446730723625,0.0007471417813615799,0.0017715518693737756,0.015050207194855222,0.0007653187015087083,0.002740956672845876,0.001511105569316642
1720474392.229,0.5522910913414747,0.07461785309460696,0.019241014498303968,0.014696995523354066,0.11901453965635388,0.9516059518708838,0.004832931049610648,0.002941287959998562,0.007312561445520867,0.08002871309954628,0.004177373073355208,0.02013218319717821,0.013072228148868714,36962686.10779543,7893639.470375027,1169026.5163949374,37409.08273704649,1588640.0028864716,174265056.66932043,7743136.621211568,357897.1905464226,52983092.34062624,6515361.53718978,7160985.300413872,677988.0475903285,2459429.889033002,14546196.896520063,676405.0595458243,12848.086953350112,29750.53036568264,494718.1180206022,74717538.1052327,374.3647863122875,589.3737184790821,1411.8500780087802,1831864.6508808348,365.34893677750824,8009.795858691084,8116.443291540568,0,75.7452474295436,0,0,0,23541132.383431036,0,0,0,0,0,0,73.78584810491425,0,0,0,0,0,0,0,0.18311742117785282,0.01958253139471513,0.004622392504382776,0.0036069941472195353,0.027919633610677147,0.30552532419004047,0.0007790865429684824,0.0009230197293207899,0.001856690412918798,0.015735614005912855,0.0006884479255522945,0.0035769154619762103,0.0018742574604181366
1720474397.229,0.6610366584758488,0.09305960445867094,0.023391502768866826,0.01856914594942135,0.14779830194114002,1.2921459545001845,0.004860813679666036,0.002907359043585997,0.007167818676483769,0.07917304480939691,0.004069761726044824,0.024961774257678558,0.015710795826639472,29492639.982422087,10361937.198155673,1154020.9681177083,3872077.725389342,547280.8577124077,201402631.648838,7557000.891997004,365842.7797400003,52445056.01149321,6430111.914731633,7277965.587888678,682367.8412489969,2471100.7779923826,14529422.638883801,1302156.4032002331,12919.514686643131,30431.775967995432,522638.5072643356,95282236.81298412,365.3619723837728,757.4384673706011,1324.0190356469425,3607675.6031685607,445.58063638836006,8441.818049171956,8132.998790591888,0,74.6478103187476,0,0,0,28047916.921027906,73.07239447675457,0,0,0,0,0,73.93635264174443,0,0,0,0,0,0,0,0.20952766789736044,0.01989751229309528,0.0047074068036809915,0.0037091725307686,0.04134534451746029,0.3122774867442072,0.0007476594451546317,0.0010003628337995221,0.0018356175469620613,0.014190084364821089,0.0006192277789595791,0.005770088677287441,0.002730116366440593
1720474402.229,0.735385896707049,0.11443327914906279,0.029007137779119965,0.022182024981020218,0.174546873341025,1.539871752292744,0.004827166552433174,0.003365467081589189,0.007245552703907966,0.07757539014622676,0.0036019103175185135,0.029709449345794392,0.017811028239650556,36457353.50636613,10184012.460389923,1160192.5639067024,7798555.366761868,556048.8284808513,199760420.40905455,7844489.116944224,183262.6863479474,26580646.02559202,6520221.618046881,7358953.435506344,891458.7627948376,1854395.139400694,21527267.232141238,1283643.5898813037,13169.950082603522,30874.371859296487,2065835.950880006,103172155.17868842,379.3786932923328,752.0011750018358,1416.5529041300351,3660335.366301712,375.4491457065337,12103.889630618602,8393.593500026964,0,146.66022163739547,0,0,0,38797315.69928913,75.87573865846656,0,0,0,0,0,73.62801315813127,0,0,0,0,0,0,0,0.23231386860235304,0.028843901968601156,0.006815469790783798,0.005311810209198551,0.05410633889007368,0.4355879597403791,0.0007807073388225966,0.0011908198514254732,0.0019354883796332005,0.017517161060640017,0.0006266997002896007,0.006546526550191378,0.003367262536577913
1720474407.229,0.7906761170064023,0.12940393649664642,0.03235170325217638,0.02606498738318602,0.20033317564891556,1.8507112961158896,0.004898725485865724,0.003709553158268275,0.007083043479062202,0.07829240813387535,0.0035701862680803447,0.03553758516916536,0.019930139426901233,29539788.94694238,7705718.580466089,1157716.469672305,11677705.40281619,552013.0519748282,211586120.77863285,7791189.634864546,177255.92618878637,26915180.182836924,8619243.779280676,7312569.534011004,704987.6470803857,1906496.0319662578,21827273.23570535,1292739.3255591805,13190.459338948262,30873.813784501926,2042455.6358355593,120588613.41783611,376.91401648998817,872.1078779276082,1358.8911825420232,5441944.838398017,373.0826684154917,13437.6305853891,8637.993229369,0,147.64882937115874,0,0,0,41012279.8482523,75.38280329799764,0,0,0,0,0,75.7718704330614,0,0,0,0,0,0,0,0.2358924405646583,0.03715247485223275,0.0069225046769594975,0.005537364853972916,0.0659747667617407,0.44113213565770226,0.0008911232122773236,0.001409142810236658,0.0018588307202511826,0.016584687322375818,0.0006266954378208938,0.00900222019653332,0.004469392418417935
1720474412.229,0.8245939899091825,0.15111580404547875,0.037756780249660296,0.03013644908206157,0.2245906682630846,2.1979006888844896,0.004779091379802885,0.004138696570164117,0.006851624475137147,0.07662171934461845,0.0033527753664949504,0.041241658604541404,0.021492222504260798,36092789.39022632,10557372.78896429,1213898.3818533807,15662522.584167423,574959.2441849757,245053439.81573123,7558527.067561777,181801.0695187166,26089998.463380203,10694760.930569386,7229337.463530599,948743.8138983551,2489429.8872248614,28451390.514631685,1976536.0625950238,13614.932242393252,31083.384895359413,2115777.6017974545,137086753.8824207,365.66204827881734,906.3617923658492,1244.161738167134,5404702.96007966,368.8362208695026,13882.945621573564,8466.185589440476,0,151.8893462379946,0,0,0,40201017.565871894,73.13240965576347,0,0,0,0,0,74.26478587228488,0,0,0,0,0,0,0,0.2555796429155939,0.03804691554351435,0.009201655570390984,0.007310783358043257,0.07708461574945788,0.5745336897724717,0.0009936611833224057,0.0016605713508443746,0.0019163275857931063,0.01952025028311704,0.0006388413669824685,0.011088698361779222,0.005455164749319075
1720474417.229,0.850506629270717,0.16984637435332425,0.04287244359311485,0.03400412663095882,0.24643857090198393,2.478303296765607,0.004879025210542589,0.004504624137163215,0.006580269193321534,0.07577938348834702,0.0035130083471844238,0.04631638759874633,0.023965201678392497,28405054.469943028,7790931.005002274,1209697.155696827,15730367.846764024,2151630.5673430087,290791094.53317773,5134658.639067247,1064.0540339939137,1255.490245573546,8488017.524329372,7331861.6961040385,939109.2945251932,1872391.5284585194,28024046.429902565,1945143.647112324,13842.640799400817,31218.028622082504,3557690.689298577,163897129.52158692,372.51941721083364,1064.0540339939137,1255.490245573546,5360160.304521133,299.25660742661967,14339.265749005666,8445.208080881155,0,149.01318781264212,0,0,0,40623982.41057955,74.50388344216672,0,0,0,0,0,74.08077263930838,0,0,0,0,0,0,0,0.2558119410017268,0.04566794332216276,0.01131028648566776,0.008997553827023042,0.08810465251749644,0.6238551066043116,0.0010807106620287022,0.001757870891429168,0.0020848225000494325,0.017929527995522776,0.0007207817095093013,0.01184567627015987,0.005791697741510572
1720474422.229,0.922971796073313,0.18560072735409144,0.045964414131994286,0.03719798926366645,0.27058586387542305,2.777677118857646,0.004690668386132477,0.005000160612133359,0.006422415716027108,0.0747008535508227,0.0035196502137149425,0.05161067738501235,0.026159942287248425,36693901.2077872,10363041.86774963,1206468.8665710185,15400549.557126239,2142441.48841829,289937757.481157,7716490.102438848,1193.9515394425214,1192.3657733384277,8422416.411425315,7459804.794647833,925127.3389992601,1863012.450674787,36216359.57865324,2573846.4060024396,13663.12769010043,30563.33542095374,3540684.048100458,164911050.01925933,74.66005614086254,1119.3295682273638,1192.3657733384277,5318760.595484008,304.47872142724395,14634.114653819086,8413.557001027046,0,149.1868660195589,0,0,0,40497303.59184382,74.66005614086254,0,0,0,0,0,73.80313158795654,0,0,0,0,0,0,0,0.27304669822429817,0.04618348921887966,0.01133433004006938,0.010620158650040108,0.08837539617382605,0.6310879794390796,0.0011736821145600037,0.0018919695034836554,0.0020517591681295222,0.020637227277079555,0.0008493915610004178,0.014140215222534462,0.006898335866059387
1720474427.229,0.9220782761047464,0.20086452705865146,0.04976304383344397,0.0399339008368278,0.2853539232915096,3.055820998814388,0.004789501695224207,0.005076257087735417,0.006466417377301197,0.07264653892248589,0.003467165203467493,0.05439897103032097,0.027237369923565704,36242039.643571556,10405948.807956707,1442150.3282437117,19855078.713538874,2166867.47602902,322164392.17378277,7714456.872037915,1279.4120349104273,1199.2826556381071,10860125.801885925,14760617.08354039,1183565.214172004,1900100.4144027997,35783651.13657028,2581118.034225538,13595.92830272184,25953.26325901021,3597831.7838783762,164011015.3217569,74.66277798031352,1279.4120349104273,1199.2826556381071,7311935.591787218,7294668.948889256,12965.384472992484,2414.0712772815177,0,149.77329237969872,0,0,0,56025750.58662386,74.66277798031352,0,0,0,0,0,75.43972741504743,0,0,0,0,0,0,0,0.2802305363090477,0.05440417392301459,0.011422308149202545,0.010706357270241787,0.08897326643690902,0.6320817305108485,0.001203343312195275,0.0021473090779749147,0.0023946027879274564,0.019090595565065854,0.0008423385320839088,0.01441151907164577,0.006989399103929516
1720474432.229,0.7401164006460255,0.20216216323992098,0.05100548559119024,0.04032084455232939,0.2867041127487506,3.241593413679014,0.004651745166895291,0.0058250855160670925,0.006661814825056265,0.07246026727242508,0.0036010471081491407,0.05757331804052076,0.028385696964824833,29217386.6059794,10409854.97914685,1217201.3300439771,20055906.638035666,3668571.885506588,316142389.0365388,5160398.134430728,1261.3121762127303,1359.1416878663863,13088258.259922065,7336713.744301434,950825.043885313,1839274.2733622736,28858581.606621757,2574947.53786493,12667.73928277736,11701.764541125947,5013384.897773739,145085087.59559578,0,1261.3121762127303,1359.1416878663863,9177515.134725839,7256472.070158736,13107.0801638385,658.5561927220108,0,74.92500182922367,0,0,0,43827222.21619569,74.9154092363969,0,0,0,0,0,73.17291030244564,0,0,0,0,0,0,0,0.22300382206955977,0.05819055333113935,0.012488534442412616,0.009796506885552291,0.09434492107831123,0.6326102325592123,0.001363169607561796,0.002146284398970643,0.002553128891125714,0.020936691001968325,0.0008193982062759429,0.016858770409882054,0.006918336890014914
1720474437.229,0.674587565008316,0.20150663116374457,0.050610892893173415,0.041141670972227304,0.28486163164704364,3.2524004436295137,0.004778034739273567,0.005886268943784408,0.006345660896167624,0.07215186039103691,0.0033186862815754417,0.06088754949360004,0.02957689009386677,28794770.410007957,10518366.360596376,1463589.582632739,19646606.608364742,3491778.8662366224,290350017.6317811,2566025.0632036524,1409.446537235584,1350.6265113211693,10813712.9466901,7219843.897517206,943712.0109765125,1876104.6204319696,28435641.044182517,2602197.64627635,2601.800993909502,7418.932269750083,4862310.777590891,121603717.74518053,74.49846310543643,1409.446537235584,1350.6265113211693,7279953.134153485,7140878.815177831,15528.87653228864,522.5918162763147,0,151.34775620300405,0,0,0,57927077.29450928,74.49846310543643,0,0,0,0,0,0,0,0,0,0,0,0,0,0.20531552592826074,0.05629999158809634,0.012161047048785605,0.009660640446424555,0.09320481699491959,0.6184405093672868,0.001544032969919141,0.002281021079961426,0.002548500614822152,0.018262006215871276,0.0008199515359990615,0.015890729845483908,0.0064398685518062375
1720474442.229,0.643605524830343,0.20065213409703497,0.05135928308128545,0.040994567929391254,0.28324760260107534,3.235758803250345,0.00476068062646487,0.00615344158586749,0.006324760472138353,0.07341257274089048,0.0033994715594968883,0.06208103078356537,0.029980003480707992,36988132.75076694,10363831.864209222,1224868.9835684167,19904003.56010458,5172222.151934061,271851388.8039601,2563395.4105270808,1353.9003966505065,1424.174215390246,10660141.42106878,7434230.121331304,930478.7399881739,1271601.2737910093,36532573.170958444,2562499.016536752,2605.787407299695,1139.2334649830339,6450702.736896942,96076723.59321539,74.41995675793528,1353.9003966505065,1349.2176777381278,7176445.703766536,7352921.078995213,11889.695210449927,530.8449974079834,0,149.1950171195454,0,0,0,58102924.36485404,74.41995675793528,0,0,0,0,0,0,0,0,0,0,0,0,0,0.19274198586994057,0.056056422293498484,0.012189384192833753,0.009701035731994836,0.09176750027381236,0.6151954019931716,0.0016243183662173273,0.0023648246798087377,0.0015489593991139972,0.018539110768384194,0.0008131442543481237,0.016490707106161878,0.006563532754847593
1720474447.229,0.618889399821776,0.20126321736600977,0.052541869626889795,0.04114567214146938,0.27767134898011125,3.19613612562158,0.004856381504046558,0.005905114574773096,0.0037703680882084714,0.07318983399649559,0.003348963807966738,0.062366193166596334,0.029970173013889642,36165206.176005244,10347977.601628972,1017197.1127949151,23167217.097215224,6692878.595062356,253107537.93868282,2565912.8853323637,1122.007341258971,821.1408784399488,10779175.58589472,14889778.834720574,965055.6911389618,1241832.4912623821,35720498.88155382,2562718.0568685913,2794.69960857543,1105.2745196805065,7845441.733629059,119002185.66880122,148.98608711466764,1047.2068518417063,746.4917076726807,7255993.5752354525,7363576.694411417,11724.97568673505,890.096159069919,0,148.9346229365137,0,0,0,67718076.48552929,74.49304355733382,0,0,0,0,0,74.17467992249325,0,0,0,0,0,0,0,0.18795784357069295,0.05560616237120959,0.012503301394244794,0.009753499151445189,0.10345640399122001,0.6824286795517136,0.0015278401826165097,0.0023539450386372705,0.0015395239391062527,0.017886612304446405,0.0009001787165998394,0.017913022983632954,0.007231173413211903
1720474452.229,0.5536021926777323,0.20115504901191542,0.052389334494583856,0.041821445329445005,0.2792602753453266,3.155993594174308,0.004853523505104972,0.006130360296206848,0.004116042112896039,0.07420428275521045,0.0033854463997094035,0.06201911581375388,0.03032888882525724,43788935.37015277,10389368.757184826,1225834.6306679004,19558894.59582612,6739047.814457919,262887959.62180987,5228401.652861934,872.8512572808638,990.034210917745,8654170.909490494,14554282.248252068,935123.6991739083,634100.2383107645,43238655.699177444,2575106.910205646,2601.2011685083376,223.9679212612777,7904906.312974023,99828680.45780905,151.79646821205552,945.5888620542692,1066.1906886806485,5462333.540895937,7197623.7537455745,11278.904266351965,908.0194343352237,0,149.48086783570244,0,0,0,72623780.47913556,0,0,0,0,0,0,75.66828619460198,0,0,0,0,0,0,0,0.16307030399577732,0.05615688323041661,0.012443462684016023,0.00977706165070722,0.09189386383876849,0.6799809269212361,0.001708773523185343,0.0023876421198187484,0.0016334145560820126,0.01827706201603979,0.0009012665452190362,0.016354293475495635,0.006771280011530121
1720474457.229,0.5163482939563515,0.20015033161767443,0.05256843761714761,0.04197921681068342,0.27769142570097727,3.161358226566104,0.00496581431630468,0.006098755801858029,0.004115660510690963,0.0745578995003878,0.0034269621624555178,0.06435581612844038,0.030714534527551185,37096572.72896848,10579671.634025792,1050889.8580309916,15326580.87552667,8397379.852041282,265975922.48447204,5077306.461771004,881.5237275368557,969.8029359268568,8520090.759879516,14495316.464396173,730365.6513761468,625677.5248442127,36629517.17963067,2622846.4825894684,2508.453187343416,146.25437406270083,7924445.045209607,115159021.82786158,147.4097133500081,881.5237275368557,969.8029359268568,5376078.495030933,7168463.02157753,8192,595.3163890049598,0,152.21673046192726,0,0,0,66576682.0230701,0,0,0,0,0,0,74.41454862561997,0,0,0,0,0,0,0,0.1533987412758947,0.05516202688882217,0.012417807691952349,0.010023387442710504,0.09067458630894286,0.6874739178138487,0.0018034937342725885,0.0023568328072424293,0.001631362143682672,0.014989242624861263,0.00116795386917801,0.015664595011657047,0.007511195275566893
1720474462.229,0.4926616803021457,0.2023063209748602,0.05392197036915025,0.04278346036884799,0.2816552417794612,3.153540291612559,0.004903527499728978,0.006289429167214591,0.003765664487273897,0.0742005505438963,0.003996685032324045,0.06207919181671714,0.030338091739633845,43511928.769522704,10173949.648900244,1034138.9849741028,11712435.342475722,10216842.64468334,249603747.89646894,5100499.1146605,769.4764329056376,809.2971458337076,6489796.432626451,14636030.242156398,931881.5176785114,1243560.894420725,42967419.6467669,2522135.401218575,2698.7316751770713,148.99421628896732,9630037.54247201,122288351.50760473,148.01430997723412,769.4764329056376,809.2971458337076,3640913.892246273,7238051.937616421,7324.516208990635,592.8070048483971,0,146.37196919613342,0,0,0,67345846.90918794,0,0,0,0,0,0,74.10087560604964,0,0,0,0,0,0,0,0.15292060906586083,0.04791928920776398,0.012601223432713696,0.009849401077228766,0.07959005142431062,0.6812634277696114,0.0017140077407213172,0.0022665772678603924,0.00163187553071006,0.017913934119105374,0.001256414237570409,0.01555301032396582,0.007679729163153759
1720474467.229,0.48420245094680225,0.20164987910806678,0.05346181650659936,0.042569740274870316,0.2825249652565224,3.136104108471358,0.004940864708056172,0.005879071601745598,0.003677552818620802,0.07451164502329982,0.003900143342489531,0.06334867764504817,0.031137964974462435,43917920.42440318,7786742.840486774,1024799.4045133529,11722605.115136072,11669883.690424137,240123016.59940472,7822890.7612712495,735.59255068872,814.8590237462247,4305586.719091306,21724655.197339892,712430.2576062382,628876.7471872331,43367139.40465665,1936444.2177366465,2974.5284217788344,149.12168926913628,10986321.52747413,100485700.9915816,151.36733185513674,662.0332956198481,814.8590237462247,3621801.6601135866,7162374.439786036,7292.01901336989,744.497155424687,0,149.23850470013846,0,0,0,70660319.57049726,0,0,0,0,0,0,74.4497155424687,0,0,0,0,0,0,0,0.13362784762242969,0.05590149623024475,0.012568056314785669,0.009735148128940115,0.08048937526391939,0.6742682311149056,0.0017115509053034898,0.002174435876851584,0.001452506353317609,0.015052730074305779,0.00160890532889312,0.013552282678879505,0.007840672142028165
1720474472.229,0.48586097699950587,0.20254595850967624,0.05331709817987349,0.04281877968656364,0.2856648662807791,3.129499747869279,0.004816118350356665,0.0061702097334239685,0.0037132568372973958,0.07430087009609533,0.004365602615184005,0.061955078908922476,0.030671845059634547,43624562.25869608,7725282.691264243,1042826.9312335184,11696736.557284761,10154271.517824328,214119546.76588643,10350675.297526268,677.2611195825907,836.5547076626004,4363214.194809746,21771869.02347146,947302.1664766249,1256722.1796695483,43084934.438528106,1917096.9072164947,3096.9074446309037,148.76423266202988,9547623.961778756,100893776.4988361,150.22096712082592,602.009884073414,836.5547076626004,3670512.200970175,7177940.307157346,6786.773090079818,746.9817996133787,0,148.16422499547838,0,0,0,87134012.28028372,0,0,0,0,0,0,74.69817996133787,0,0,0,0,0,0,0,0.15240713027488076,0.0486795980645525,0.01270670230781166,0.00820030978265781,0.08090922551387697,0.7523608831428824,0.0017085434095735084,0.0021707560784319873,0.001449498857587627,0.01799961840712408,0.0018446370764247696,0.015302730604458794,0.0088047679357055
1720474477.229,0.48105305405306903,0.20517953096665692,0.054333597945708,0.04287337898769616,0.28382915553252985,3.1256449480565043,0.004911963546851528,0.005960923341478868,0.0036937513016345016,0.07458130057951878,0.004813121824386568,0.06320580779688417,0.0310371943692671,43454236.47762065,7815525.00731208,1037673.3675715337,15816812.79009799,11704920.688589554,244519590.06555256,7663180.148056978,179721.31414607656,817.3720588502076,6498253.521126759,28922051.02648827,977646.0905349792,1251677.4861502135,42914990.52339992,1944671.5413863703,3005.1357300073373,150.88779193988066,9444082.965225136,126975697.46099159,148.27417690817933,518.9971943162277,817.3720588502076,5467943.66197183,14292993.59009082,7976.484420928864,743.983289437835,0,149.75138929511553,0,0,0,91085343.62478071,0,0,0,0,0,0,74.3983289437835,0,0,0,0,0,0,0,0.13772331603875332,0.05733825890657768,0.012869055551874972,0.00833695781788235,0.08064879473182089,0.7479756183229647,0.0016144583219379121,0.0021643424402205355,0.0014460069761115578,0.018204730775075516,0.0019549924191970204,0.012955418829910848,0.007720970348596418
1720474482.229,0.5541227357866901,0.2057387633565621,0.05438776793656581,0.04323893399678293,0.28651658775042305,3.1133320285671884,0.004756995396400821,0.006126090074121819,0.0033786687132028323,0.07428155198726392,0.004756386915719168,0.06434889010150902,0.03149484518820796,43837489.643014535,7749128.9198606275,831071.3816988698,11387608.36441412,11688323.598449696,211645231.43132746,7708666.484706224,177761.73595445268,884.9678615797338,4327602.986385595,21676422.30644288,733752.9281446913,1261022.6361922887,43292394.299985304,1923196.2833914054,2911.8483412322275,144.80405847312323,11003160.143384827,127540009.20086074,149.06199392252122,440.0042969169621,884.9678615797338,3642238.0324989017,7133589.460386212,7809.838566162452,749.5379435284646,0,148.664343786295,0,0,0,83182809.23054093,0,0,0,0,0,0,74.95379435284646,0,0,0,0,0,0,0,0.16345266271983366,0.05740059535630514,0.01485582052149359,0.00828532890439358,0.09148720685231246,0.7505118002696782,0.0015247584540517428,0.0019863099137394378,0.001084053579983281,0.020543665211340694,0.0018454110355992067,0.01530436533037495,0.008895886275079166
1720474487.229,0.5319097103461798,0.20796856750415665,0.05520969676084217,0.04388351650851192,0.2853751586479563,3.1027773710254403,0.004831649143168012,0.005592778273409648,0.0030342062636562104,0.07394397869883228,0.005098500224468937,0.06365997568378076,0.031002029911699782,49619588.57713287,7889169.92425642,1021678.1716753644,11450588.762128158,11951418.495006867,184366412.7549075,10240854.184422884,177940.2017162,596.6496722505461,2172980.1470183865,21568598.775297645,727903.1686960292,1269865.4893303902,49004436.52180114,1958331.42434879,3243.1887709195607,0,9647351.969410105,149718919.3193993,148.5538126756732,440.26441661740205,522.0684632192279,1829688.328353284,7098105.338768474,8435.596343534342,602.7961736571009,0,227.00905228154443,0,0,0,83810650.34774555,74.2769063378366,0,0,0,0,0,75.34952170713761,0,0,0,0,0,0,0,0.1526167178275227,0.04921592237919439,0.013009575697566606,0.00828781832927873,0.09058858107774151,0.8815429768286852,0.0015198955887318424,0.002065459992988958,0.000984131877145828,0.01846899969518196,0.0019533179623657457,0.015002454072530761,0.00993005640278957
1720474492.229,0.5389936905325554,0.2072150836476631,0.05485266562763118,0.04372968211276732,0.28218295768796886,3.0808134851916695,0.004730767877882861,0.005994385401188706,0.003037170299528237,0.07511612600113629,0.005321293850954473,0.06329982100838827,0.03139459796206243,44495965.70171677,5118712.504939469,1019725.7662886728,15466109.022827102,13135481.153866813,210846369.47879058,10411072.543922719,184411.2927191679,26702645.357129794,4336671.810567602,22046524.52276064,724100.228117759,1918151.6760087605,43940207.05724458,1276385.8174372239,2788.3413052435467,0,10825169.051157625,150356829.1206186,75.51204763748318,380.38632986627044,524.3023808653037,3650239.1730659977,7255438.4728340665,6253.659763260466,608.1888711533464,0,147.14229263210834,0,0,0,84688688.040267,75.51204763748318,0,0,0,0,0,76.0236088941683,0,0,0,0,0,0,0,0.14188782804901326,0.04921271804040646,0.0152588565689517,0.010088759026486843,0.09174059043505037,0.7897715023557046,0.0013376405548361121,0.0020611321380678382,0.0009814259225927988,0.021084117348712194,0.002350785852008177,0.016219374986076375,0.01067521016260806
1720474497.229,0.5445038564764592,0.20940392217695414,0.05468432666837408,0.04381127835345227,0.28405761369499904,3.071733495963572,0.004747281786815444,0.005805448712513593,0.003034270628073271,0.0747054699845224,0.006372696863924387,0.06313670485703812,0.03130292671492465,43163077.45714906,5136909.143351601,1040559.6370554662,19117000.32047858,11360374.341756493,185697123.306061,10364786.37498165,183158.46128324702,26302002.269493327,4361433.962264151,28623096.695664626,986238.1231671553,2472182.063118567,42623861.141245395,1280738.3905393712,2322.8450168300897,0,9173983.247923661,174400224.08069226,751.7251504918515,452.988774814296,516.4358147661161,3671320.754716981,14120517.524075465,6080.9384164222865,587917.5902142869,0,147.67810787424287,0,0,0,83993989.58305366,75.17251504918515,0,0,0,0,0,220.71740340919294,0,0,0,0,0,0,0,0.15103701443628423,0.049339120786282775,0.015357482983208133,0.008466880665017587,0.09117057089317387,0.787754259768299,0.0013471726651189543,0.0018842489486959257,0.0009817962729009471,0.01880022841372001,0.002499747830013672,0.0175089982562125,0.011454604342554442
1720474502.229,0.564634791053412,0.21356110661143804,0.05463166020738343,0.0442201599782982,0.2840298772931622,3.07295407635808,0.004666697040371715,0.005985638245836756,0.003073301621562827,0.0755978102333123,0.006691451477854658,0.06215399809054733,0.030969916475783846,43175377.13810437,5069702.014186415,1248032.9460214737,15539021.756035808,10001801.754767602,173100203.74427038,10210563.540706187,185437.98073332835,26486629.616193864,6391029.276641743,21531837.786362413,965944.6437175439,2521654.6517381025,42640584.96365675,1264603.8648201812,2033.2401823797618,0,9421453.411645276,151659144.59805238,666.4858708032759,535.2848928384736,445.7665239788145,5378854.950004504,14174198.616476508,5555.186751610544,599414.6341463415,0,145.63296652503956,0,0,0,71284560.27833514,74.05398564480844,0,0,0,0,0,150.11636217038352,0,0,0,0,0,0,0,0.17068260181592576,0.05107981346896313,0.015276335001465533,0.010392330868013788,0.07996447231876613,0.715456577242132,0.0012715358731630942,0.0019999667743009087,0.000995156617450655,0.021716925341686354,0.0023636812055204447,0.01586603498759944,0.010667732581221723
1720474507.229,0.5544763049213688,0.21354384634219906,0.05485069017307448,0.04379839764242892,0.2799170726870249,3.0630469074454068,0.004762268478360324,0.005661611642034637,0.0029625706305012075,0.07415975683769215,0.006670058206597958,0.06207747000437892,0.030530891628388315,42641070.17011478,5072051.384871981,1037036.4128362059,15801213.726139246,9988092.246838314,179903502.85798037,10335756.97685058,360020.165019494,52460585.01886115,6440575.110256085,21265967.383010063,987978.3973142608,2498397.138655386,42113030.470716335,1273663.4787700279,2082.8505530029242,0,9411145.827663165,175991576.72578046,674.6088388690639,445.66143802701964,220.7292976468475,5420942.521642861,13999203.563379532,6053.422857976938,593886.1635105938,0,145.3538920136979,0,0,0,60977001.31906786,74.95653765211821,0,0,0,0,0,148.7318215653879,0,0,0,0,0,0,0,0.1837362480377589,0.060762904013057444,0.017802699043966152,0.012359022068661685,0.07850489358519071,0.8079612904688676,0.001184512098902148,0.002006555455801051,0.0010035621781044977,0.0216801789134692,0.0024534647113859357,0.018242831818557945,0.011533366926321497
1720474512.229,0.548744336945528,0.21295906340699067,0.054148466947960605,0.04356346021629255,0.2800857444747637,3.052696369440419,0.004620468912676884,0.005891828544113136,0.0035775544493852444,0.07230028818638648,0.006735960636894302,0.061088100111519404,0.030172120540709092,50324843.230747014,5085119.709406884,1246823.3875828811,19954299.98513453,8289335.236821656,201028086.05542612,10352618.227142753,358123.8523008099,52577193.07973428,8641755.395157605,21657921.093058143,996986.124060769,2521563.140808129,42601418.29215432,1905306.2445469277,1870.4221235866803,0,7812577.624374288,176027709.11358508,675.7093628565144,443.3140321445965,589.9148468864205,7273178.693467337,14257272.053640816,6140.3681968591745,599964.3440142331,0,145.86634853367997,0,0,0,56682756.26799699,75.07881809516827,0,0,0,0,0,150.25403055703308,0,0,0,0,0,0,0,0.16930785439342644,0.06232816107202808,0.0179855051367905,0.012328051274986785,0.07818572719237474,0.6759557329240031,0.001199136609799523,0.0020222232026918183,0.0012110701749619027,0.024396045829430044,0.0023573023917984447,0.02091339100551793,0.010123465035584487
1720474517.229,0.5613710113853347,0.21489091003964228,0.053523921404899,0.04320475266825601,0.2755491151583382,3.039159516132026,0.004738558268311099,0.0057821051986790255,0.0036263383722184377,0.07114711962743077,0.006341906148156279,0.06408598151257437,0.031018169191146014,49725573.03210379,7893683.41476906,1266392.105311881,23626250.797726024,6689617.664148752,202038842.20687604,10151926.647729315,352569.2979652711,78742386.31052953,8408966.12037399,21940575.194990665,1003629.8864839217,1858887.4520468994,42088653.13988972,1972892.1913893241,1895.9100923885878,3654326.059050064,6306510.168506683,178006435.8803,662.7593398295638,509.07283122048227,588.9923428119495,7077463.969568771,14443315.829946173,5980.216812059715,589727.2121463177,0,151.04637226883008,0,0,0,55970910.81903913,73.63992664772931,0,0,0,0,0,221.3136898222358,0,0,0,0,0,0,0,0.1776285123631055,0.06150693509292124,0.01792175514198307,0.012530146212780568,0.07782809103687453,0.6789313849301524,0.0013035415704457966,0.002132490729470765,0.0014031662917172185,0.021303045526902584,0.002399573502740042,0.01901778358232674,0.008989683664550675
1720474522.229,0.584422355774958,0.21452066197258615,0.05370991405154751,0.04355878128803806,0.2717458791335949,3.0354353215243552,0.004771813368875066,0.006007863734430805,0.0036395603618782657,0.06922830321229308,0.006648839688009478,0.06142937338736052,0.030105326598709285,50307246.033608295,7653035.294958629,1230242.9274955965,19802319.058684666,5033261.132907845,177277216.58451727,7843520.40872994,360016.0994977972,80227710.79041828,10953871.248771988,14777654.06847488,999253.1162554056,1889924.3179818124,35499972.78125734,1912105.9384884823,1693.2312448326682,3675083.9142783373,4758659.024751849,173757717.59930417,682.4012883878493,519.825226172562,600.1025565892609,9218258.725833658,14615258.92989477,5954.137442308391,600161.9243179817,0,146.39812713333453,0,0,0,59493189.794452496,75.8223653764277,0,0,0,0,0,225.28600762687,0,0,0,0,0,0,0,0.20224503726217632,0.06278844939080383,0.017942775343950054,0.012688492167147033,0.0770407120359691,0.6887556387293048,0.001319376160908486,0.00224469879327864,0.0013212447663857952,0.024082270361506754,0.0021156857846980205,0.021288795881965774,0.008915696269153508
1720474527.229,0.5788459421138757,0.2128162160595873,0.053549360556869686,0.042976862167088244,0.27074500973412746,3.039287016205893,0.0049905442549196734,0.005794949534933256,0.003506227880055503,0.06781133840338081,0.006223390829894538,0.06461877091567246,0.031059231543930838,59208899.40124215,7954853.948028307,1241055.2355500986,19969599.76194019,6710227.517071044,170811245.9803565,7505887.170767133,352481.6813405282,78990930.5252529,10536932.793637773,14628936.3044475,1024264.7656336572,1259547.5132971432,36566880.43437838,1988314.0591043334,1479.2076705007134,3706115.1614343105,6342090.367572279,149435311.16769737,652.9571178064722,508.94632206759434,516.9945365044448,8867156.006490612,14468176.286107289,6278.727883869538,598479.7207142988,0,152.16301056893957,0,0,0,52824543.033830486,72.5507908673858,0,0,0,0,0,224.59834402588143,0,0,0,0,0,0,0,0.19860645473075672,0.07100216504892624,0.01787283596385494,0.012620244975399285,0.06630454122103244,0.6554775127203175,0.0012390518232032579,0.002261572803233336,0.0013231471257072545,0.023695112566511585,0.001859426579403048,0.019595182906296426,0.008073016528316
1720474532.229,0.5566630997087483,0.21135931566019545,0.052911023150405405,0.04337995141132382,0.2699802479414285,3.0330577959562763,0.004916533356523012,0.005992594536972922,0.003562183057720628,0.06724540688211196,0.005570139242331388,0.06219897563784232,0.03024477062246964,50122132.393657185,7798803.078546606,1247431.966339816,19821089.11000757,5199549.90871493,139851024.07658783,10341608.875544652,181445.6795072707,81488830.0749642,10758702.375967227,14345965.757127926,1237245.8166900573,1866105.2631578948,28314919.99568516,1948992.7766962028,1479.314516857179,3678679.6876442246,6526450.016766645,122220695.29184824,674.8929002965838,597.106308538941,533.3432541527931,7245799.763313609,7094142.666618607,4790.384684587427,591805.6680161944,0,149.05114535761723,0,0,0,48680273.77295134,74.98810003295375,0,0,0,0,0,222.0936957779063,0,0,0,0,0,0,0,0.19547987895422556,0.06255193135757191,0.017945227627763474,0.010833506490364585,0.07871646497933124,0.7927952193735655,0.0014352462200800367,0.0022728740659609136,0.0013287977570710435,0.023257585797141506,0.001688940876664009,0.02196932705958154,0.009310800148065602
1720474537.229,0.46876693652615153,0.2121246612424689,0.05256505489440615,0.04371188186161871,0.2720352668501925,3.0400604703275995,0.005153464693269373,0.005822225550342836,0.0035570065688635896,0.0662754523536371,0.0054235419247172425,0.06214205838072028,0.030490344226776205,49936299.79738574,7804908.280092467,1447534.0546963615,19581156.800525226,6669763.143689949,165437671.05005607,10262179.968018608,179671.1656441718,79934930.2970586,10597939.267916681,14759802.707213057,1241481.0000902608,2484075.9050284373,28183896.577074107,1955141.229363476,1474.8933258916518,3634365.2478389326,6306651.984598222,121773000.55163088,669.8648059310947,591.2666907253699,448.4344208451937,7139034.453088589,7298672.501390693,4658.326563769293,591196.6055791279,0,149.1108320136879,0,0,0,50090558.85545492,74.42942288123274,0,0,0,0,0,221.86512593662542,0,0,0,0,0,0,0,0.14957857749143874,0.06330182612459215,0.018342193931445254,0.012889359311905787,0.06905076526444426,0.792461843545602,0.0016195023029592767,0.002368561558979289,0.00142213562726321,0.020785617513116406,0.001777976918824635,0.02001494592111193,0.00823600486311388
1720474542.229,0.44340503732111985,0.21298872126986393,0.052606549420913605,0.043592470836685444,0.2763043457267195,3.0537710755646823,0.005058861524832513,0.006167664838279121,0.0035256769747718233,0.06729828940964398,0.0050612288081926474,0.06435602609443346,0.031126604631202502,51233978.88386124,10214117.655470746,1485733.4540148145,23553198.273970596,5046647.140612869,196845410.49094644,10423659.671852795,182059.4225952133,78716917.99036872,12784245.443893645,14402217.517957626,1537550.4130995553,2458039.445686187,21695253.65117905,2552138.2836101027,1134.8984982544287,3643801.3603452058,6334861.662362991,102177575.80735487,680.3609988372737,599.1260307534786,515.2016100050313,8968375.664713835,7121847.83513362,3828.1804927287008,585634.6177916854,0,73.21738197808483,0,0,0,50080080.0448012,0,0,0,0,0,0,219.7228430934287,0,0,0,0,0,0,0,0.14876472037435953,0.07231324361175759,0.018050149472396613,0.014862069170457043,0.058877501010963826,0.7510491441990808,0.0016338240354675307,0.0023825330672660088,0.0014316880663776913,0.020798911613532034,0.001791948427111355,0.01799695371420669,0.007274887660849604
1720474547.229,0.4303387539378917,0.21018408353113024,0.053195094094001805,0.043381613975576674,0.2794254838868255,3.0581020744820626,0.005178091964318355,0.005817019073958426,0.0037264635802581455,0.06741432015888067,0.005095971496267793,0.06380594758913725,0.030659469775474953,50011191.120211214,13030320.54044185,1481970.6083012188,19682249.58744362,3438316.218775035,161469042.89288476,12903455.708697401,354823.44544562406,53169180.57856505,10580008.087169668,14180538.364242068,1528981.6368002957,1858026.4824409902,21174842.03531081,3249802.4465948516,1359.4674828978666,3654090.432359089,4824679.92134586,123147035.87306729,673.8566153621175,438.50477295030777,596.5519124688234,7127747.937950652,7012228.243635651,15587.954923332718,589227.4035693725,0,74.78546649625709,0,0,0,44810049.78670554,1918170.2921068987,0,0,0,0,0,221.07081174438684,0,0,0,0,0,0,0,0.1329778109581475,0.07208398301825365,0.015722892477092576,0.012977202269567042,0.06997550694237216,0.7564461093240198,0.0017272994259667114,0.002300080271750274,0.0013424934746458109,0.021550350142476936,0.0013424026611015781,0.019182981020107855,0.007777585003767057
1720474552.229,0.39805607495191875,0.20995915274952778,0.053076218554715886,0.04330713447568347,0.27792690182150376,3.0798055540842864,0.005137464261941174,0.006008027026539737,0.003945245827925931,0.06669061029675293,0.004013310090506771,0.06172211592230152,0.03062877991364203,43731580.40113564,12960897.283161411,1460029.6468536553,15879675.409896674,3510431.6796241403,164619505.77493227,12698815.867590176,358466.46473388147,80074333.0713411,12710415.597448211,7248427.439768361,1276251.6371127951,1866957.85080667,14411512.84916201,3232599.7384861247,1339.3402121784627,3683742.4721344206,4930518.858250835,124410552.10171157,0,443.0982258762441,598.9508124805791,8917483.19116909,671.3164460146049,15445.515414612611,962.0061064840743,0,74.3861688217347,0,0,0,46716556.64890231,1887837.0783484753,0,0,0,0,0,74.00046972954418,0,0,0,0,0,0,0,0.10690098794945103,0.06328498472425131,0.015817267980904572,0.01283200564347681,0.07122283767275553,0.7301470313218311,0.0017414050239651056,0.0022538396360501788,0.0014427781922690152,0.024197245562552983,0.0013564147864977216,0.01898920672449072,0.007862218563416776
1720474557.229,0.3745972095400341,0.20799059457627117,0.05331255711206894,0.043380100196938165,0.2793195619996345,3.0898063668359814,0.005128517088014983,0.005757132669387168,0.0041882802278335384,0.06672513810990141,0.003964090496246107,0.06119127604936447,0.029880668117676926,49922355.025553666,13075002.400366468,1268853.302162478,19945778.834720574,5109930.3235240355,198221817.21243563,12712601.555747624,357489.70823520946,81280282.60264568,10837380.255874481,7288644.863578099,1299523.4998522021,2497242.0647876086,14090856.989150902,3256911.0398534127,1346.5809468147281,3702563.6147443526,4826332.297569,123207795.09348321,0,368.16653783234756,835.9338763242359,7301072.326698192,525.032045412928,15512.858409695535,965.7924329814633,0,300.21071919377005,0,0,0,56700140.494974606,1889723.9988475945,0,0,0,0,0,74.29172561395872,0,0,0,0,0,0,0,0.08764381990964,0.061842570917750056,0.015854747373623614,0.010746551875537419,0.08311820225992564,0.7262124591131606,0.0017298125817634248,0.0022076285618030564,0.0014416771613199853,0.021458164264935044,0.0014402517058425355,0.019127777616526263,0.007699763283126691
1720474562.229,0.37529688182528,0.2090282168193693,0.05298616885111051,0.04356084568901186,0.28008617016517867,3.1069254175818144,0.005062689633690507,0.0060513079029154955,0.003880346563040958,0.06735666181437694,0.003994382553606238,0.06191336291363854,0.03014831864774473,43324286.97499591,13123417.007028002,1469932.7666575266,23446153.80135054,5136088.29083176,163623189.98462552,12566646.39920259,368258.1027083025,78998970.5712637,10850911.226962332,7460352.0767731285,1296857.6382484229,2489070.667992407,7131239.309255324,2613635.942156971,1197.9892148798099,3627287.1625925996,4846311.327845711,125165651.3654001,0,378.8663608110108,738.6035776110791,7309280.270210735,537.4119058329584,14657.17342383886,962.632197414806,0,301.4313573977996,0,0,0,62719943.77333626,1867995.3009860807,0,0,0,0,0,74.0486305703697,0,0,0,0,0,0,0,0.08684115762991952,0.06111550777537039,0.015960219027119294,0.0107541936398132,0.08261431888238482,0.7649282289255963,0.001824087333759872,0.0022064739788847146,0.0014423718581637178,0.02125316014359984,0.0014405990542644017,0.019043494223702544,0.006351586411858452
1720474567.229,0.3749207453586729,0.20883212432940657,0.05373256713720246,0.04345255827129108,0.2818234348987193,3.100839032596706,0.005283107945837763,0.005669369340631457,0.0033272852380778857,0.07070712017524804,0.003925782488223881,0.06193450241043748,0.03001544856361891,43673718.11490717,13150196.559924783,1452222.8929817271,19496201.343744323,6758381.397038786,176472822.47389323,15274092.78257577,360796.0271142205,79801567.1244854,8568260.120211456,7352522.397709431,1250256.6712665104,2492314.754810564,7190235.599985352,1964672.4554320374,1332.5862598731183,3618790.3395678224,6375458.04341902,125722319.16458303,0,371.18932830681115,447.666581660534,5414393.511478022,529.6388657984669,13873.797021452,963.8868272903353,0,226.53614291244952,0,0,0,73698463.91559543,1892211.239925716,0,0,0,0,0,74.14514056079503,0,0,0,0,0,0,0,0.08727275861389171,0.051069830038330946,0.01615408749692908,0.008841277357545753,0.07114101335225172,0.7593630624765307,0.0019202328259455587,0.002301576235077009,0.0011536433460038848,0.01889068994411821,0.0014404770730449031,0.016557851553406954,0.006443498096805089
1720474572.229,0.3562088213294348,0.20487217527721774,0.053991277652209506,0.04353824692872475,0.2837407141405711,3.087258164982737,0.005277489953096196,0.005998679237727745,0.0032793450659040664,0.07145544051236334,0.004114768739422416,0.06108001758188826,0.029851082932471625,36794568.56286317,10274359.447004607,1430017.1207887665,19368753.197553802,6748687.252803077,178066584.77194256,15460787.180844268,362251.57896652777,53542571.99948671,10755456.12343298,7243340.430565414,1304700.7558915075,2527192.744097235,9702.209556238204,1918082.9493087556,1166.3492854473295,295.56401421535907,6365453.608621502,124272104.0886789,0,298.2108079576273,450.5307155034923,7245376.175833774,596.3130789248604,14418.259967392916,376.01439430103187,0,294.93087557603684,0,0,0,77850572.26967108,1915348.8949318342,0,0,0,0,0,0,0,0,0,0,0,0,0,0.0908323343301382,0.050683998930793075,0.016103046800867677,0.008608998481518535,0.08356605787914942,0.8935853897424992,0.0019152825101419234,0.002296517190626014,0.001054275421214317,0.022120388853816685,0.0014371044003691868,0.018424521008055614,0.007663587096402913
1720474577.229,0.32718557618080246,0.20507116284602078,0.054493009933896434,0.04382392525986404,0.28561875810959453,3.081985825916327,0.005342746325799679,0.005886856636685747,0.003498115015213184,0.07170199302575109,0.004036543436804749,0.06304386940094185,0.030669040063615736,36065037.80018863,12847169.55017301,1270090.9291222915,19310777.110383768,6703351.160316631,203294355.1401869,14944159.776989711,542263.2143181612,53534415.1911727,8460305.579399142,7030331.179150334,1287429.6353082904,2459751.8986436985,8023.79743161866,2553946.943483276,1203.3786265148733,294.64446282775236,6310804.594385042,124824373.83177571,0,297.7014627055511,1051.0649217346677,5345309.29899857,506.26831938411556,13980.798014091191,439.16298850985515,0,295.2710495963091,0,0,0,77524635.5140187,1851615.4484024062,0,0,0,0,0,0,0,0,0,0,0,0,0,0.07942358682657909,0.04961662190613516,0.015957185016300474,0.008850692428510047,0.0847250404291916,0.8861127350081716,0.001815424697600134,0.002290331153504895,0.001170333772852896,0.022136915855998886,0.0015300248145685108,0.017312930199816418,0.0066829986510589506
1720474582.229,0.3272379341577659,0.20679494871332482,0.054354459992401905,0.04381670760637077,0.2849779795021695,3.078981330827472,0.005193549475041442,0.006076458990765651,0.003515540046052537,0.07168221190042502,0.003670724282866074,0.061656376335726015,0.030032084370224837,28233635.99588375,15418888.355905002,1447534.4175696943,22772618.903678562,5073986.092703207,215633076.51828384,13002329.121385153,542489.9294699338,52134491.61951342,8704386.230244154,14300869.146624034,1291150.5596036667,2501471.876591719,7848.692381391717,3187763.9081744906,1037.3934909636919,3522917.6786692827,4779497.086003739,122390626.64447188,0,223.36944666618194,1169.8052585545224,5499617.228753841,441.4348068183859,13552.859493373351,298.04263988939823,0,295.45741438695836,0,0,0,67690855.68025202,1933094.713575244,0,0,0,0,0,0,0,0,0,0,0,0,0,0.07860402409063895,0.04075785997522253,0.013861338780254867,0.010471366635859469,0.09606636260976681,0.7909822415507424,0.0017223742006501756,0.002196021182949955,0.0012419439826436547,0.022116242366035585,0.001528000713250823,0.019499591684989607,0.007632876050320136
1720474587.229,0.32639272365036215,0.20774238702521375,0.05443049309516122,0.04388717841055051,0.2848405127090789,3.078707008293624,0.005340501555434979,0.005850984500247629,0.0035464664796887465,0.07186237760600947,0.0036965075647630674,0.062336484263902404,0.030023780087365348,36280810.78615606,12848553.475453595,1227374.8699738155,19423637.028058685,5088661.456431232,230407859.44490927,10217108.627238197,729762.2393015022,52849628.517144665,6445627.855496888,14443742.544082437,1350030.686325874,1909788.6202939325,8294.97728558136,2551227.500631245,1175.364970049141,3605386.9783092425,4788963.260536118,149217558.6191845,0,150.26505493699213,1185.8499954763413,5426700.197775479,445.8312168928236,13872.01556769703,303.261392662792,0,295.49471557912204,0,0,0,80077984.50401951,1898131.8864170734,0,0,0,0,0,75.815348165698,0,0,0,0,0,0,0,0.07891214588645477,0.04063565267882006,0.016069782879019112,0.010773175288494419,0.09584795422966408,0.7911318267922699,0.0016267205540807946,0.0021975892211056306,0.0012427280017214925,0.01981374543278625,0.001526879128222427,0.01977896442696861,0.007629840760013078
1720474592.229,0.3215167478466293,0.2057334780403582,0.0546359965045843,0.043425528551967886,0.2838960976134047,3.0745335099158377,0.0051676541077874715,0.006105885202872662,0.0034327598333936944,0.07231780143694533,0.003824964712144088,0.06338952847131361,0.030125157434137663,36133746.39287662,15366372.144886872,1251220.3209926249,23713021.464599974,5149556.008745338,222834521.29496664,12805061.766466523,725098.4652400569,79338155.16117348,6520664.0083791185,14128057.056684112,1295247.217392863,1249987.61733573,7889.805560603309,3169792.165749433,1199.348498435298,3668469.3494348507,4842745.448198571,173952495.59195098,0,74.66005614086252,1186.8163708801158,5489081.053269878,436.01525769537835,13361.389421612032,297.47444486809377,0,294.6656595086507,0,0,0,72651081.0172141,1903744.2995265478,0,0,0,0,0,74.36861121702344,0,0,0,0,0,0,0,0.09245964570797642,0.040121696324689905,0.013685461303997195,0.010669643740521265,0.0943892476841165,0.7926754119585336,0.0015313610820428798,0.0021976170849628846,0.0011473545836859305,0.019813444428505758,0.001528330095866516,0.019487375281879007,0.00762695299759148
1720474597.229,0.32092247217559483,0.2062891310538217,0.05436445734714458,0.04365645085929603,0.2805916216542383,3.057700459197145,0.005326590080458107,0.005773792721664251,0.003395027582922758,0.07237192838553515,0.0036509208721036863,0.061494940962679004,0.029390419048497138,29029226.682236172,12877927.743102666,1252492.1441012009,19732473.41237019,5049947.90878634,202464220.37466544,10236882.574659323,730335.3836549585,80240459.2025495,4310166.524105046,21790705.053822294,1061994.5031100824,1271625.5946892863,7996.496861772005,2549486.7480777926,1351.6912640938676,3662872.7506663,4750926.186101805,195082797.2167707,0,75.20702128050236,1125.295335079397,3629201.958250677,448.3853311439518,13331.404600028929,75.53014936382075,0,296.4088647670737,0,0,0,79617251.45405886,1901777.9066396058,0,0,0,0,0,75.53014936382075,0,0,0,0,0,0,0,0.07989043365116659,0.031740165541102525,0.016082294361622944,0.008668705755602857,0.09474274581626535,0.7950391214963615,0.0013410952332146536,0.002102489468963844,0.0010522469342608956,0.021722787528751848,0.001433202479867475,0.02226839133451676,0.007443384523294986
1720474602.229,0.3223428850191272,0.2073405985284767,0.05420909507029722,0.043514147572780326,0.277009929360423,3.0539395568188,0.005227337992376112,0.006119222610261025,0.0032108190141864677,0.0701982826486705,0.0034422707763136556,0.06257435900240255,0.030297297762289066,28847923.708686113,10347115.850667635,1023307.4924363765,23350303.59279266,5067561.350137621,223301035.37688804,10110288.812928397,537383.402340234,79277285.46612623,6521800.301570373,21648196.335031085,1294586.8684333202,1892634.4827586212,8242.942872164911,1920272.068307748,1312.1195942338495,3612344.4150382476,4772362.161379111,173469673.7928158,0,294.94149414941495,1111.754487550666,5489552.866757383,445.45141469250154,1321.9062645677195,75.12839325018344,0,297.64737941684075,0,0,0,73501174.7810477,219.91159153139932,0,0,0,0,0,75.12839325018344,0,0,0,0,0,0,0,0.09547243458109027,0.04177864368581428,0.016175029831618972,0.008762552729542886,0.08105703514573649,0.7899303609448007,0.0014361075759954229,0.002295209881879192,0.0010515768131605658,0.018275486285293945,0.001433649743213875,0.020167676783800628,0.006296888492481307
1720474607.229,0.32478999024677263,0.20783190977318824,0.05432687663298916,0.04383630225804108,0.2807372328495806,3.0312352883625877,0.005215559905451321,0.005939476665704181,0.0029389150995427684,0.0707602697907609,0.003470033649367061,0.06477332807734155,0.030399830551245854,35463732.4013979,10505639.535312558,1275367.1588764295,23376909.60575038,6692340.9557420155,232766339.45188487,13038489.584872212,538721.720926875,77948322.16627821,4379180.434018463,29089224.676202487,1290251.324402904,1289661.5511150158,7668.49725411882,1949584.2153789417,1136.8935272565782,3617196.5439628256,6301237.783139473,174519225.48626065,0,295.67602685338915,1093.1022826338356,3686801.620631602,374.1254270108329,1315.091950127535,459.39024618202893,0,377.65074681910386,0,0,0,82025751.92497173,226.9168267100015,0,0,0,0,0,76.56504103033815,0,0,0,0,0,0,0,0.10997550904550807,0.05115809688001964,0.016188853904630294,0.008678206271171432,0.08035828626768153,0.6916583536122145,0.001244893257455966,0.0023925101184094446,0.0008599197183860726,0.014963357446903948,0.001338224961764435,0.021049140215311568,0.006593013649005934
1720474612.229,0.3234739008979474,0.20830014992166254,0.05423724390287835,0.04353473657945392,0.2810454515927889,3.0385890218532894,0.005202847140075676,0.006220654905535597,0.0034546501834795875,0.06957167520861372,0.0032988493636515173,0.06644004465959903,0.03173906394909953,28991082.600222215,10256854.90464442,1440439.20890522,19133111.855706852,5161559.447613109,231828425.94965264,12966403.291576358,533570.1288719681,78812633.76025328,4248814.427994617,29413693.998559214,1303299.5817106592,1240696.7899636938,8281.077536746627,1906042.6083667995,1180.445981483483,3551696.5851571974,4862361.472298128,172596119.31787425,0,292.8485888430121,5231.256295869909,3577210.0852400186,378.2994994181429,1329.2946776287322,441.71249865200036,0,147.52651767544887,0,0,0,82705346.92772716,0,0,0,0,0,0,73.6187497753334,0,0,0,0,0,0,0,0.10904629422208274,0.05079830196447977,0.015952644076513808,0.010576449236139243,0.068513590689599,0.823664296148011,0.0014348416744687461,0.002388384995426339,0.0012389950891713286,0.014914006570212251,0.001526794699974929,0.020324442943527633,0.006473017836604529
1720474617.229,0.32198650836336756,0.2061774618029168,0.05394787775909956,0.04345522779803134,0.27883703075850735,3.010553081371296,0.005176879815837938,0.00603629731568303,0.003603323874028858,0.06896423178042617,0.00352177938407982,0.06539476867070358,0.03150853764334086,36772397.37547362,10302997.141099408,1255788.335038737,19568292.818082392,5012826.994566772,229442084.71680126,13000236.316758748,366071.99852914136,52900108.15117985,6409300.686168293,35349514.438958555,1304950.403690888,1867406.1580135443,7721.874133629055,2552421.814497159,1197.485747697705,3632493.4742982136,4726153.846153847,147443622.92929474,0,301.2318440889869,5563.302486462993,5395433.441675696,218.23606720420565,3543.2525951557095,443.8103837471784,0,148.22856729272968,0,0,0,80858739.86006439,0,0,0,0,0,0,73.9683972911964,0,0,0,0,0,0,0,0.09603651842582635,0.041962988995924044,0.01567760635778319,0.008771091324749564,0.06835236053932524,0.6851891937497854,0.0012464398249490108,0.0024873877982416756,0.0012399335248188385,0.014950671143379056,0.0016169866666265029,0.017377880741901927,0.006592572022185075
1720474622.229,0.3229132675837947,0.20690200863810143,0.053704543435627396,0.04354857942465163,0.28011109830471753,3.012938765207827,0.005001913704581359,0.006412092613231506,0.00403614192665572,0.06593041002211297,0.0036331481582339716,0.06717406783840986,0.0319407494705948,35880156.50073022,10268659.886027556,1044044.8883239513,19279547.191495474,5056902.417447508,231457897.78069502,10139041.217865862,363703.0676191694,53296425.61576355,8639259.635592757,36134300.31044061,1336938.6215146775,1920936.8057361518,7975.911869174043,2544008.0790593666,1041.292899945524,3578483.551213906,4764357.399483653,145400188.61430925,0,299.3440885754481,7323.6270753512135,7271206.5644474495,223.08153150699854,5578.430109505844,532.6002154772077,0,147.73137127605858,0,0,0,67758720.71528676,0,0,0,0,0,0,76.08574506817253,0,0,0,0,0,0,0,0.11036225906281766,0.05183538748015217,0.01334425475043339,0.010764307066068016,0.08239687812680091,0.8252973543410199,0.0010515527713068132,0.0022914619731456147,0.00133221330551402,0.014773524961191898,0.0016221489733246343,0.020031560983498047,0.008015656919127364
1720474627.229,0.32253045302056205,0.2079263163146395,0.05376436488709708,0.04337899952948842,0.2812627477099858,3.011572167564876,0.005086456696878148,0.006083441722523185,0.004076075890080108,0.06569956134032869,0.0035611997454313626,0.06576394983070077,0.03199412691365304,36240577.26701514,10368354.2607429,1241173.9735686006,19429148.699759316,5063295.091148892,265664973.26716828,10158902.02848511,365559.82003489125,53444789.051922865,6485027.585324388,36192343.885807805,1292866.0320161676,1905193.4931191392,7758.2821862421915,2568949.7450837586,888.6156961293005,3606264.898025661,4772018.717592008,121472703.48433916,0,300.872279864108,7493.870979545538,5458612.800029249,372.39749068097103,5373.326951373007,603.6734769072051,0,149.1624180626366,0,0,0,77059119.00823507,0,0,0,0,0,0,75.45918461340064,0,0,0,0,0,0,0,0.09603832269733134,0.05157112775848968,0.013089458748422777,0.01088421609232426,0.08281989020791133,0.6883903834608167,0.0008619224498444808,0.002197023336066339,0.0014287925308994853,0.014207137146800216,0.002004268008898391,0.017851342515965506,0.00802003666238033
1720474632.229,0.32190309002143813,0.20845053023221308,0.053834783312240106,0.04319840502788223,0.2799907303603605,3.0103038915632125,0.004906794878814426,0.006039175338958604,0.004010275983082858,0.0657766365565434,0.0046631719367588925,0.06500498647618357,0.031151695814552474,28687717.23504297,7925421.173677573,1243462.9542578196,23397562.05838011,6702384.432432433,242358477.25216258,12885819.243685208,179676.33059281696,52572397.732385494,8649284.015658729,44509825.93780296,1319630.5547487657,1902524.3675834788,7674.14293177683,2618231.0260405075,814.6085698788646,3619758.9958767006,4756157.117117117,123594342.75580005,0,295.3988172508294,7371.546837037704,7279904.584202247,7321573.2716831975,5650.8858553587,527.4951706374758,0,151.94005490021516,0,0,0,75376021.42676173,0,0,0,0,0,0,75.35645294821083,0,0,0,0,0,0,0,0.09687646337539177,0.043355650549464525,0.013321246690698875,0.01063448582557033,0.07009509877370529,0.5539781254051,0.0009609766303883122,0.0020113747030987583,0.0013361412825789124,0.014076426575075206,0.0019116167605778183,0.01962388565189662,0.00794956889234045
1720474637.229,0.32436071928195603,0.21024125648259628,0.05372460036123905,0.04343295773387864,0.2830802421553498,3.004042724786991,0.005036463124590877,0.0058774885160126295,0.0041765403424797376,0.06644481292724946,0.004653918597720622,0.06690843896094446,0.0319317472679064,28991539.75276276,7682143.72225916,1036854.3303531113,19601751.551887825,6839534.391534392,222605826.21447527,12838095.570586951,179802.76048714478,81295352.59086101,10946493.414105484,43100954.72032076,1060863.4784348682,1852658.8555663046,7830.028947512153,1906201.5130550414,887.7810891357356,0,4852185.773074662,126774587.29186387,0,369.5083446098331,7447.134561510918,9212831.953166971,7092670.796683945,5662.707147144963,513.6694256333083,0,147.20839547880465,0,0,0,75011547.53117137,0,0,0,0,0,0,73.38134651904403,0,0,0,0,0,0,0,0.0976168232158751,0.053507053424630115,0.01338857912340658,0.009106683675752706,0.07053955308776882,0.6482767078709306,0.0011490715800935968,0.0022004205181844544,0.0013363548235823337,0.014231619406344778,0.0018875389339577094,0.019638584132840083,0.007956458868644845
1720474642.229,0.3221593587742706,0.21056780275641845,0.0538935508403596,0.04352806509509778,0.28345469711220395,3.00408001978486,0.005010700834283439,0.006214562855223257,0.004194228820960689,0.06608911784517851,0.004789952824388836,0.06516091105389328,0.03160583117657689,29320002.502990708,7845624.121414546,1278499.0786755264,19173625.07366729,6661923.361645061,249620637.11981943,12777456.32227591,520.6369958780483,79728833.77001457,12765382.226865029,35953242.875741355,1041328.8111515581,1868924.9231881439,7613.803257568787,1946936.117891028,838.6100098646864,0,4721697.416182388,124285616.64330827,0,446.26028218118427,7303.639010189229,8953849.212924607,7100750.470128742,5673.230933143922,518.1998915597325,0,150.3367528582702,0,0,0,64058216.341165975,0,0,0,0,0,0,0,0,0,0,0,0,0,0,0.09682593705562491,0.05322823797649291,0.013285826144939889,0.01081492473771075,0.06945793866803729,0.6438943962850233,0.001243144835035103,0.0022944937731259607,0.0013339795783766301,0.014257364531637316,0.0018870056793615544,0.01896674162326028,0.007857425779851724
1720474647.229,0.3241361777733149,0.21321294272102215,0.054300028979443325,0.04345547882995264,0.2808880803864349,2.9955847421609256,0.005024629714558261,0.005887416360478933,0.004338605913242855,0.06773722809396415,0.004626891799102907,0.06433663795531183,0.03147257603803257,29083529.39458117,5151174.778481584,1044975.5139166819,15532351.303467479,5069162.857298219,227199907.21362057,12952157.323158203,182693.355269171,54021348.91461114,12990055.630886503,36698653.96755081,1086266.4245747952,1869228.972722836,7627.839041846198,1918237.5254904085,894.1604511551757,0,3213189.537981911,126910373.85922197,0,449.2459555799287,7497.947561110905,9112162.714845896,7248461.598095133,5767.517693704376,518.2841958749842,0,147.83534549654414,0,0,0,63252408.24519991,75.13941884355738,0,0,0,0,0,0,0,0,0,0,0,0,0,0.09741627781700189,0.053690128655286155,0.013453351258101508,0.010886257308483778,0.07048842486122894,0.776507096302638,0.0012412831834697493,0.002291538743581629,0.0014278894135686536,0.014508991363425521,0.0019096435174852447,0.019602501845714677,0.008033258470314964
1720474652.229,0.3238026482131347,0.2114632127566063,0.05441308230631413,0.04335674776526161,0.28073619421622803,2.998303179091406,0.004996468508466046,0.006164811568191914,0.004265981239021367,0.06681692411837103,0.004836613127070145,0.06714768705802317,0.03261576672402667,35647711.23684022,7834283.516765249,835626.4002750781,19510474.41860465,5080764.286752946,246412774.31125703,12688588.417154975,177669.2314526877,52907093.17107622,14755419.703537216,29425850.15081142,1049720.5363696583,1851379.0779379078,7553.677576452052,1945650.6308714997,815.389905351358,0,4818770.975716156,124556886.40758984,0,436.71257219013773,7343.293312326832,10646706.694493497,7266703.132806572,5499.758311402331,513.9456513945652,0,150.01739703700989,0,0,0,60414841.67122787,73.62404285149368,0,0,0,0,0,73.42080734208074,0,0,0,0,0,0,0,0.09489644368961953,0.061880849302072445,0.013546311839066261,0.011003976306511154,0.07042993197650234,0.6855442390714199,0.0015284344066007038,0.0023378078187652938,0.0014288818359185125,0.014786270201305143,0.0018882034803558464,0.016869914644867954,0.008050429302103247
1720474657.229,0.32425322710669313,0.21483774059270463,0.05462135429870105,0.04395390481254507,0.2810959418839498,2.9909008088161446,0.005109536693658447,0.005779281122225468,0.004293051946428559,0.06829945860659462,0.0050790689758025125,0.06500918394436273,0.03165625573834915,36179112.65378814,7710143.675056714,1057432.6416732876,19355741.02379236,6782744.664204225,226374983.87426764,12845363.078882724,182355.1401869159,52168850.28571428,15029034.717049686,29644649.192796692,1070132.1566704798,1235684.8328957006,7220.310029621822,1913634.7988909292,605.4581400934942,0,6424040.0298404265,126970819.52943365,0,299.06542056074767,7241.142857142857,10844484.621673176,7320754.334290296,5503.876813567939,512.15547576943,0,221.2379820676245,0,0,0,62350086.785083234,74.53370939859886,0,0,0,0,0,73.16506796706143,0,0,0,0,0,0,0,0.08103644976634279,0.05292926300306796,0.015826707451788553,0.012809441815831405,0.08221473472154038,0.779916746054447,0.0015272659920487406,0.0021001554186765056,0.001523107032934199,0.015052669126909808,0.0019110906816844839,0.01914643066100712,0.00918927146039749
1720474662.229,0.3253697330616975,0.2151723156541764,0.05442452505064389,0.0436120324272088,0.2799770201209397,2.99320640849476,0.005109611440410771,0.00592394679086385,0.004449656612230661,0.06823151662947033,0.0048991413866073495,0.06455801193803765,0.0317274657428929,37215011.34515821,10186731.599335916,830416.4375633049,19221930.814796254,5017254.776047519,237694096.47149205,10175466.138185749,182031.1708197379,53674176.01998641,17150982.74454303,28500409.024066567,1062760.3195498893,1848948.900411228,7579.089023045436,2527342.4853169573,592.6783388800463,0,4758756.925491874,99889608.80938008,0,223.9924169233854,7449.0511967962975,12632101.75457696,7042428.607295291,7829.621481254397,146.46880028607185,0,146.24131959940732,0,0,0,51252109.385575004,73.79515358976668,0,0,0,0,0,73.23440014303593,0,0,0,0,0,0,0,0.08135583237637495,0.0537805061947747,0.013506286181931766,0.013086029163933418,0.06965624501730366,0.9108165302610085,0.0016218913350063808,0.0020980577136353626,0.0016130580885187062,0.017901220033678094,0.0019770156124561153,0.018539860343959737,0.00783589756301811
1720474667.229,0.3264691823997043,0.21587816560008785,0.053974851340840076,0.04356822121693991,0.27657119231406024,2.973659972892126,0.005266280622188223,0.0057232952243926735,0.003622114439773403,0.06719599861717611,0.005068092795856118,0.06347776729639568,0.031014363619646566,36815081.234978735,13037071.015870694,852941.4030668939,23550184.496719122,6871927.445317243,201795997.77042848,10286963.408192633,184275.8010071385,53401702.94278925,17197685.007278018,27999929.5265949,811981.7245630574,1269375.1126312497,7572.564244777223,2585350.983690485,455.1448255426328,0,6508283.964016999,101460740.36639294,0,377.7691697563315,2994.6993237068177,12666149.63609898,6918797.0189749645,7946.043948074552,150.64084882587667,0,149.78424632487383,0,0,0,38000746.16327896,74.6043021328525,0,0,0,0,0,75.32042441293834,0,0,0,0,0,0,0,0.08205332796093306,0.05392693887412912,0.01344822103751661,0.013285342595282077,0.06994160896917258,0.7817706851452522,0.0016226298554481151,0.0019101137976040492,0.0013344155482062003,0.02032938037492657,0.0018157411233859048,0.01963880584902214,0.008048933474748431
1720474672.229,0.3263215848843261,0.21941585565632113,0.05487305908507602,0.04412217735678846,0.27852949707537383,2.993613343459267,0.00523538939513525,0.005979002422007734,0.00452919842367763,0.06678222249090908,0.004731220241445052,0.0655651154093442,0.031521628640732095,35747537.304592855,10312368.537052426,835161.4220904803,19375539.557961207,8630608.02606249,208577294.94982728,7599509.794073329,180642.73578426056,53180451.56358076,15039394.909090908,21625258.999727692,1063137.0195742247,639324.9416564067,7424.951092126281,2557465.621273982,518.227989950657,665.1150202976995,8156365.467199762,99819739.357716,0,444.20344864982104,3280.498015945247,10851644.509090908,7129055.0966687845,5852.264609229889,225.80348775243942,0,147.99291830762004,0,0,0,47422967.08157409,73.47348783812872,0,0,0,0,0,75.26782925081314,0,0,0,0,0,0,0,0.07987726846590008,0.05289140476942864,0.01351295789415209,0.015075374412116664,0.06961627603608338,0.9194985145541008,0.0017146088445040755,0.0017137733242924803,0.0013293393810402373,0.0205193743189124,0.001718360181359073,0.02284822327317375,0.00792607556063162
