Root Cause
orders_energy
user-db_energy
catalogue_cpu
